3 0.7220503687858582 0.9267559051513672 0.1019706279039383 0.14648813009262085
3 0.644486665725708 0.18973053991794586 0.04566251114010811 0.06907492130994797
3 0.5235040187835693 0.9546802639961243 0.1557883322238922 0.09063952416181564
3 0.6680445671081543 0.29449617862701416 0.03654318302869797 0.07895773649215698
3 0.6018540263175964 0.22361737489700317 0.03893441706895828 0.059230294078588486
4 0.4896133840084076 0.7832005023956299 0.11322838813066483 0.1303388625383377
3 0.22171702980995178 0.5333651304244995 0.11850374937057495 0.08755916357040405
3 0.36364513635635376 0.3540990650653839 0.09501755982637405 0.07320810109376907
3 0.4441930651664734 0.44951197504997253 0.08819180727005005 0.07866590470075607
3 0.5866917371749878 0.10813792794942856 0.033980920910835266 0.0535995289683342
3 0.9820818305015564 0.8867900967597961 0.035648662596940994 0.1781691312789917
1 0.5885374546051025 0.29903510212898254 0.012034786865115166 0.04138636589050293
6 0.5797633528709412 0.6310524940490723 0.07162874937057495 0.07867687195539474
6 0.4696759581565857 0.3092852234840393 0.03462744504213333 0.04171451926231384
1 0.5391619801521301 0.07675398141145706 0.009598182514309883 0.028298527002334595
0 0.3768192231655121 0.2697697579860687 0.009998590685427189 0.04512999579310417
