3 0.9741092920303345 0.8130137324333191 0.023607680574059486 0.07142741233110428
3 0.9143360257148743 0.8187999129295349 0.03189697489142418 0.06455875933170319
3 0.14531390368938446 0.3322581946849823 0.03866804018616676 0.030750589445233345
3 0.15698638558387756 0.2881675958633423 0.03308534249663353 0.026099611073732376
3 0.5599427223205566 0.2611328959465027 0.0312725305557251 0.050561364740133286
3 0.3765261471271515 0.21130892634391785 0.032135143876075745 0.05698378011584282
3 0.49293047189712524 0.6491213440895081 0.016116423532366753 0.06727562099695206
3 0.4765171706676483 0.5619738101959229 0.01581021584570408 0.06014803424477577
3 0.15275685489177704 0.24723894894123077 0.03706987202167511 0.03062506951391697
3 0.4184722900390625 0.48984432220458984 0.018351387232542038 0.06965551525354385
3 0.2530286908149719 0.09578067809343338 0.01815367303788662 0.0657515898346901
3 0.23060952126979828 0.09174378961324692 0.01776275597512722 0.058892570436000824
3 0.18707919120788574 0.0948023870587349 0.018744390457868576 0.06061321124434471
3 0.4753935933113098 0.7406695485115051 0.016299618408083916 0.06266292184591293
3 0.5545165538787842 0.4158959686756134 0.037941157817840576 0.03216094151139259
3 0.8353620171546936 0.8051087856292725 0.03604009374976158 0.05360378697514534
3 0.7943763732910156 0.843551516532898 0.03255157545208931 0.050001997500658035
3 0.476451575756073 0.4089547395706177 0.01626860722899437 0.06426028907299042
3 0.49599260091781616 0.30121397972106934 0.01703585498034954 0.06676255166530609
3 0.8678604364395142 0.7838685512542725 0.0294595155864954 0.06262103468179703
3 0.4746677279472351 0.9390691518783569 0.019780373200774193 0.07525674998760223
3 0.15497387945652008 0.2135104387998581 0.037639718502759933 0.029578236863017082
3 0.16613581776618958 0.0971880555152893 0.016911406069993973 0.061319202184677124
3 0.23820269107818604 0.38233840465545654 0.018899671733379364 0.06722986698150635
3 0.20705099403858185 0.40177035331726074 0.01895323395729065 0.06628765165805817
3 0.2803606390953064 0.3856421411037445 0.017127519473433495 0.061641160398721695
3 0.49977678060531616 0.5409104228019714 0.01658231019973755 0.06506415456533432
3 0.19685548543930054 0.9133931398391724 0.036846328526735306 0.03098439797759056
3 0.2608863115310669 0.39782819151878357 0.01721496693789959 0.0604281984269619
3 0.21075144410133362 0.09051603823900223 0.016825441271066666 0.051134705543518066
3 0.6949741244316101 0.8904315233230591 0.0375867523252964 0.03344966098666191
3 0.15288031101226807 0.17892685532569885 0.03277578949928284 0.02766537293791771
3 0.5613366961479187 0.4951362609863281 0.03721502050757408 0.03711412474513054
3 0.6306312680244446 0.06550075858831406 0.023794377222657204 0.06436046957969666
3 0.5567861795425415 0.12297435104846954 0.035873591899871826 0.03888625651597977
3 0.30852603912353516 0.9869009852409363 0.040862612426280975 0.026198124513030052
3 0.2573401629924774 0.9894049763679504 0.03888154774904251 0.021190209314227104
3 0.1857018768787384 0.39840614795684814 0.017411736771464348 0.06524893641471863
4 0.5753680467605591 0.705559253692627 0.02810879983007908 0.02226291224360466
3 0.547553539276123 0.21323370933532715 0.033488284796476364 0.030402788892388344
3 0.09775702655315399 0.08627021312713623 0.04657621309161186 0.03948495537042618
3 0.5535853505134583 0.168185293674469 0.035099614411592484 0.041137516498565674
3 0.6232088208198547 0.940555989742279 0.03392603248357773 0.025043722242116928
