3 0.5931316018104553 0.4480614960193634 0.05013925954699516 0.06992422789335251
3 0.7451114654541016 0.42302510142326355 0.07328011095523834 0.06155667081475258
3 0.8951967358589172 0.41606414318084717 0.06458470970392227 0.052177440375089645
3 0.8125919103622437 0.9318453669548035 0.12892523407936096 0.13268405199050903
3 0.8695020079612732 0.9051201939582825 0.1101844385266304 0.1544918715953827
3 0.7076933979988098 0.3704618811607361 0.052091218531131744 0.053100068122148514
3 0.04219620302319527 0.8883267641067505 0.08418002724647522 0.11884630471467972
3 0.09433051198720932 0.54408860206604 0.10520236194133759 0.07336577773094177
3 0.7833678722381592 0.34052878618240356 0.05912170559167862 0.045578524470329285
3 0.8874786496162415 0.36515140533447266 0.0540618896484375 0.045016221702098846
3 0.5795614719390869 0.27539464831352234 0.05485418066382408 0.039254263043403625
8 0.05668838322162628 0.418556809425354 0.11337676644325256 0.1265677660703659
3 0.894182026386261 0.3214062452316284 0.05673487111926079 0.042560335248708725
3 0.38110432028770447 0.19140416383743286 0.022140592336654663 0.03235350176692009
3 0.8687958121299744 0.24584192037582397 0.047200463712215424 0.03706284239888191
3 0.9180700182914734 0.23843097686767578 0.03760663419961929 0.030793892219662666
8 0.16039524972438812 0.19668404757976532 0.031685639172792435 0.08697497844696045
3 0.9784242510795593 0.3347548544406891 0.042509909719228745 0.048717744648456573
3 0.45014631748199463 0.19400537014007568 0.024787141010165215 0.03535746783018112
3 0.4440005123615265 0.15808093547821045 0.01677609607577324 0.031080948188900948
3 0.49077489972114563 0.19679296016693115 0.022344477474689484 0.03360747545957565
1 0.6990237236022949 0.7198334336280823 0.02416897937655449 0.06323513388633728
3 0.9867905974388123 0.3462490737438202 0.026342056691646576 0.04437848553061485
3 0.988741934299469 0.8237488269805908 0.02251622825860977 0.11916480213403702
3 0.9230621457099915 0.23747830092906952 0.043584488332271576 0.035588283091783524
1 0.5170500874519348 0.4309740662574768 0.011583305895328522 0.04330544173717499
