4 0.372493177652359 0.478823721408844 0.08603999018669128 0.0690392404794693
0 0.6648410558700562 0.8725395798683167 0.020164109766483307 0.10050693154335022
3 0.21268321573734283 0.7503349781036377 0.14162439107894897 0.10188575834035873
3 0.5002480745315552 0.5062938332557678 0.034897997975349426 0.06682383269071579
0 0.2744230031967163 0.8489803671836853 0.021246926859021187 0.09871961921453476
9 0.44948604702949524 0.8508251309394836 0.030215932056307793 0.1098819300532341
0 0.19494211673736572 0.8686107993125916 0.020056502893567085 0.08017713576555252
5 0.2296282947063446 0.6578198075294495 0.14250291883945465 0.12786424160003662
1 0.4483005106449127 0.8197463750839233 0.023635484278202057 0.07261623442173004
0 0.6577022671699524 0.4823113679885864 0.012264061719179153 0.05177273228764534
0 0.16944658756256104 0.9495291113853455 0.02517995983362198 0.09176968783140182
9 0.44028618931770325 0.5575146079063416 0.026491357013583183 0.05015530064702034
