3 0.5144249796867371 0.41945260763168335 0.05995609238743782 0.09683144092559814
0 0.7831860780715942 0.7113871574401855 0.03299066796898842 0.11928048729896545
3 0.55519700050354 0.3214554488658905 0.04851226881146431 0.077178955078125
3 0.45573705434799194 0.06686922907829285 0.02163449488580227 0.03245251253247261
0 0.9062040448188782 0.9045196771621704 0.04155004397034645 0.13445638120174408
0 0.8593698143959045 0.8532581329345703 0.03149836137890816 0.1210184395313263
0 0.7610198259353638 0.7108092308044434 0.024539723992347717 0.12166716158390045
3 0.09988489747047424 0.16128507256507874 0.07257246226072311 0.057600315660238266
3 0.5367658734321594 0.0928298607468605 0.021931054070591927 0.03805927559733391
3 0.5001044273376465 0.019092634320259094 0.01900814287364483 0.024625830352306366
3 0.6852124333381653 0.19570767879486084 0.08025189489126205 0.05163981392979622
