3 0.7602923512458801 0.5249517560005188 0.15141166746616364 0.17628063261508942
3 0.4816417098045349 0.5621851086616516 0.12655599415302277 0.20323115587234497
3 0.4112466275691986 0.323472261428833 0.09252900630235672 0.13458232581615448
3 0.2732854187488556 0.24515724182128906 0.08433227986097336 0.13982976973056793
3 0.027375714853405952 0.3659224510192871 0.054751429706811905 0.13445930182933807
3 0.5903375148773193 0.25431734323501587 0.08963107317686081 0.09660395234823227
3 0.2878780961036682 0.12413784861564636 0.06680463999509811 0.10064171254634857
3 0.16868408024311066 0.09491871297359467 0.05612420663237572 0.1059722900390625
3 0.9411945939064026 0.9536608457565308 0.1174812763929367 0.08938802033662796
0 0.9180335998535156 0.1819530725479126 0.020004721358418465 0.05954420566558838
3 0.6250163316726685 0.03637545928359032 0.07206228375434875 0.05655821040272713
