3 0.8400168418884277 0.7484485507011414 0.05542701482772827 0.11745031177997589
3 0.6961264610290527 0.7612866759300232 0.0798986554145813 0.11427512764930725
3 0.6079766154289246 0.4063366651535034 0.054907407611608505 0.051302243024110794
3 0.5278193950653076 0.48869383335113525 0.06732738763093948 0.05265726521611214
3 0.48777687549591064 0.4645490348339081 0.06369117647409439 0.054719455540180206
3 0.31309691071510315 0.31215590238571167 0.05330105870962143 0.04029295966029167
3 0.21340081095695496 0.4064391851425171 0.03632904589176178 0.055098313838243484
3 0.707301139831543 0.36471059918403625 0.0503661222755909 0.04532554745674133
3 0.6878975629806519 0.28771963715553284 0.04149237275123596 0.03546677157282829
3 0.015677178278565407 0.4105825424194336 0.031086046248674393 0.07257179915904999
3 0.07395219802856445 0.5863263607025146 0.09856658428907394 0.08971777558326721
4 0.9768229722976685 0.4620298445224762 0.04635404795408249 0.06258764863014221
3 0.8664141893386841 0.3130684792995453 0.04222564771771431 0.03128839656710625
3 0.07006886601448059 0.3497139811515808 0.03510315343737602 0.0509423166513443
3 0.12107274681329727 0.34780728816986084 0.0359707772731781 0.05936169624328613
3 0.10272131860256195 0.5333131551742554 0.08747570961713791 0.06175561249256134
3 0.25212955474853516 0.22912578284740448 0.021000605076551437 0.03480406105518341
3 0.927035927772522 0.2937071621417999 0.04100305959582329 0.030219722539186478
3 0.10687468200922012 0.3053237199783325 0.033510517328977585 0.04715779796242714
3 0.7875781059265137 0.3307417035102844 0.04237698018550873 0.041684478521347046
1 0.3794567286968231 0.4470800459384918 0.012926303781569004 0.045452721416950226
3 0.06406044960021973 0.24869365990161896 0.027958964928984642 0.03457667678594589
