3 0.4039992392063141 0.9665505290031433 0.018411030992865562 0.06689891964197159
3 0.38947099447250366 0.5160917043685913 0.017496131360530853 0.062135305255651474
3 0.41549158096313477 0.3099699318408966 0.01738927513360977 0.06480392068624496
3 0.4528640806674957 0.12356669455766678 0.015452396124601364 0.05962038040161133
3 0.4396626353263855 0.7707194089889526 0.018817542120814323 0.07511265575885773
3 0.40070533752441406 0.1244242861866951 0.016922222450375557 0.06621842086315155
3 0.5905948281288147 0.2068767100572586 0.020041925832629204 0.06125187128782272
3 0.29927903413772583 0.5758510231971741 0.016729647293686867 0.06249425560235977
3 0.800225555896759 0.6410624384880066 0.03777537867426872 0.029553143307566643
3 0.5511550307273865 0.2361009120941162 0.01586819812655449 0.0605926513671875
3 0.4676534831523895 0.3116517663002014 0.016581635922193527 0.06040523946285248
3 0.7850459814071655 0.7193798422813416 0.036376774311065674 0.030616911128163338
3 0.37496262788772583 0.8993176221847534 0.020038403570652008 0.07571375370025635
3 0.8030389547348022 0.5483150482177734 0.03963318094611168 0.03248446807265282
3 0.28823137283325195 0.9716235399246216 0.018724823370575905 0.05397367104887962
3 0.545476496219635 0.6375880837440491 0.01753450371325016 0.07158969342708588
3 0.4764307141304016 0.01617211475968361 0.014159977436065674 0.03234422951936722
3 0.007540494203567505 0.08442851901054382 0.01505641732364893 0.041766781359910965
3 0.01654936745762825 0.39877748489379883 0.03232251852750778 0.028027184307575226
9 0.5312417149543762 0.5312707424163818 0.009004570543766022 0.025945087894797325
5 0.33097702264785767 0.4873330295085907 0.017922502011060715 0.08078274130821228
9 0.4726174771785736 0.7683988809585571 0.007876004092395306 0.02433539554476738
