3 0.5024248957633972 0.42180296778678894 0.06262633204460144 0.09217505902051926
3 0.515561580657959 0.5436648726463318 0.049228087067604065 0.12113025784492493
3 0.4306882917881012 0.6314298510551453 0.05775698646903038 0.13198566436767578
3 0.9192637801170349 0.2833523154258728 0.05019378662109375 0.05160977318882942
3 0.6921407580375671 0.271418958902359 0.06608011573553085 0.0532844103872776
3 0.3004073202610016 0.32837197184562683 0.08041936159133911 0.07504575699567795
3 0.8036525845527649 0.22966106235980988 0.05640294775366783 0.048361387103796005
3 0.7736465334892273 0.9448903799057007 0.13091790676116943 0.10626596212387085
3 0.9552973508834839 0.18601609766483307 0.04618736729025841 0.0349823422729969
3 0.5350396633148193 0.2924019396305084 0.06066827476024628 0.064959816634655
3 0.7904205322265625 0.1457500457763672 0.04748894274234772 0.041380900889635086
3 0.8411598205566406 0.13274303078651428 0.04546733200550079 0.03878076374530792
8 0.019546059891581535 0.16715075075626373 0.038922037929296494 0.09520860016345978
3 0.21668441593647003 0.17516574263572693 0.031255342066287994 0.05206909403204918
2 0.6625922918319702 0.7563815712928772 0.05107610300183296 0.09581705927848816
2 0.6501627564430237 0.753594160079956 0.03013274259865284 0.08344694972038269
3 0.5678094625473022 0.15338942408561707 0.0632261410355568 0.03884565830230713
