3 0.029469044879078865 0.8657901883125305 0.05893808975815773 0.1559200882911682
3 0.5410757064819336 0.9143494367599487 0.05609952285885811 0.16254939138889313
3 0.5667191743850708 0.6815599799156189 0.04733850806951523 0.08690014481544495
3 0.05965246260166168 0.45097386837005615 0.07074685394763947 0.055291548371315
3 0.46205607056617737 0.7889983654022217 0.0434625968337059 0.10487300157546997
4 0.5328830480575562 0.6202170848846436 0.033542096614837646 0.08496516942977905
3 0.2078331857919693 0.4644935131072998 0.06803758442401886 0.048094067722558975
3 0.7053200006484985 0.4245055913925171 0.0601179264485836 0.04180772602558136
3 0.32108253240585327 0.30170321464538574 0.02354859746992588 0.03291821479797363
3 0.01921822689473629 0.34633752703666687 0.03843265399336815 0.04350990802049637
3 0.4408136010169983 0.3399675786495209 0.019781673327088356 0.03185999393463135
3 0.4400953948497772 0.20961591601371765 0.014512544497847557 0.02490699104964733
3 0.4339543282985687 0.1738419532775879 0.012728119269013405 0.02020060271024704
3 0.4456523358821869 0.3042619824409485 0.02085818164050579 0.03233451023697853
3 0.49085569381713867 0.1626567542552948 0.010071923024952412 0.016819434240460396
7 0.3724905252456665 0.4330485165119171 0.040586765855550766 0.05493531376123428
3 0.42148563265800476 0.2764306962490082 0.017948061227798462 0.031454168260097504
0 0.7150787711143494 0.5748190879821777 0.009958065114915371 0.045573435723781586
4 0.46273720264434814 0.6591793894767761 0.04037071764469147 0.09447240829467773
3 0.33192214369773865 0.26929929852485657 0.020692354068160057 0.03083779476583004
1 0.5322952270507812 0.41240790486335754 0.008249440230429173 0.026086347177624702
3 0.4456998109817505 0.269288033246994 0.016006559133529663 0.03326916694641113
