3 0.6419432163238525 0.7695614099502563 0.05505465343594551 0.11324766278266907
3 0.07152403891086578 0.903035044670105 0.14304807782173157 0.1347707360982895
3 0.5369156002998352 0.3019675612449646 0.02690770849585533 0.04268401861190796
3 0.10895629227161407 0.6771856546401978 0.11443037539720535 0.08773496747016907
3 0.08037886768579483 0.8133754134178162 0.14187902212142944 0.11205137521028519
3 0.5079466700553894 0.47472891211509705 0.032550230622291565 0.08049216866493225
3 0.10503533482551575 0.6222116947174072 0.10428553074598312 0.07036025077104568
3 0.1698521077632904 0.5292338132858276 0.06758614629507065 0.06330351531505585
3 0.5938021540641785 0.36846449971199036 0.02936495654284954 0.04987705498933792
3 0.6024535298347473 0.5102395415306091 0.03708379343152046 0.06908781081438065
3 0.593195378780365 0.29773321747779846 0.024730771780014038 0.03583553805947304
3 0.48430895805358887 0.3468644917011261 0.027065815404057503 0.05079110339283943
3 0.521539032459259 0.2619684040546417 0.024766137823462486 0.04184630140662193
3 0.4646061658859253 0.2527252733707428 0.021611785516142845 0.042972221970558167
3 0.11250000447034836 0.57120680809021 0.09483632445335388 0.07862956076860428
3 0.01540753897279501 0.4916115403175354 0.030749857425689697 0.06325990706682205
3 0.49989715218544006 0.22315365076065063 0.020082540810108185 0.03552301973104477
3 0.4638127088546753 0.2037460058927536 0.018600059673190117 0.03405991196632385
3 0.931148886680603 0.35083672404289246 0.06599102914333344 0.039459049701690674
1 0.4600110352039337 0.43586331605911255 0.01161880511790514 0.04196486249566078
3 0.09928546100854874 0.5380837321281433 0.08192388713359833 0.07450274378061295
3 0.6546352505683899 0.20052532851696014 0.017450354993343353 0.030274195596575737
3 0.916861891746521 0.2893766164779663 0.04732782766222954 0.03901788219809532
0 0.9877157807350159 0.5534367561340332 0.015528511255979538 0.056963514536619186
3 0.3782973885536194 0.1922006905078888 0.018916500732302666 0.033924736082553864
1 0.7814076542854309 0.5240472555160522 0.012833180837333202 0.044594600796699524
1 0.4323323965072632 0.43005871772766113 0.01103991363197565 0.040005236864089966
3 0.9350952506065369 0.3563707172870636 0.062494974583387375 0.040968313813209534
3 0.09409620612859726 0.8030417561531067 0.1176406517624855 0.09109533578157425
3 0.4910072386264801 0.1631205826997757 0.016418278217315674 0.029022127389907837
1 0.8300604820251465 0.45085373520851135 0.011681949719786644 0.03389318287372589
1 0.5391057133674622 0.6125445365905762 0.01357175037264824 0.05011237785220146
1 0.8535521030426025 0.4301532208919525 0.011226250790059566 0.03403085097670555
3 0.6934843063354492 0.2133520245552063 0.03102874755859375 0.033019762486219406
3 0.11735489964485168 0.36061322689056396 0.04924999922513962 0.04446199908852577
