4 0.8637287020683289 0.7719554305076599 0.13776551187038422 0.17379270493984222
3 0.4496411681175232 0.4666999876499176 0.06138579547405243 0.09896009415388107
3 0.6951562762260437 0.6378347277641296 0.12156561017036438 0.1327476054430008
3 0.7773346304893494 0.6025204658508301 0.12167035788297653 0.11963669210672379
3 0.8214718103408813 0.5473163723945618 0.10643992573022842 0.10433290153741837
3 0.9474974870681763 0.7795944809913635 0.10500506311655045 0.16508080065250397
3 0.7408851981163025 0.23519057035446167 0.042797405272722244 0.04345783218741417
3 0.42651474475860596 0.35417187213897705 0.041775647550821304 0.08433201909065247
3 0.6103978157043457 0.2521992325782776 0.04777244105935097 0.05124689266085625
3 0.372388631105423 0.13981932401657104 0.03931723162531853 0.036302823573350906
3 0.22739338874816895 0.2036382555961609 0.02883300930261612 0.04168739169836044
3 0.8763872981071472 0.3596910238265991 0.06974927335977554 0.05549103021621704
3 0.8045929074287415 0.3206910192966461 0.03411030396819115 0.0544213205575943
3 0.17893245816230774 0.13853876292705536 0.028612619265913963 0.034774404019117355
3 0.30379047989845276 0.11530270427465439 0.03102082759141922 0.034017905592918396
3 0.8651553988456726 0.30239346623420715 0.06771697849035263 0.05119267851114273
3 0.7657447457313538 0.16678157448768616 0.03745301440358162 0.03357196971774101
0 0.6241509914398193 0.41139650344848633 0.013018036261200905 0.062283504754304886
3 0.4197346568107605 0.14221858978271484 0.03049132414162159 0.04292098060250282
3 0.948058545589447 0.2249922901391983 0.04212404042482376 0.04285892844200134
