3 0.9407901763916016 0.5461312532424927 0.11107716709375381 0.07503985613584518
3 0.5206001996994019 0.10282251983880997 0.017629018053412437 0.03251851350069046
3 0.5259047746658325 0.22344963252544403 0.024746255949139595 0.054623253643512726
3 0.462459534406662 0.27857983112335205 0.03153722360730171 0.07546360790729523
3 0.4761418104171753 0.1816997528076172 0.023955537006258965 0.05203009769320488
3 0.5475272536277771 0.16362392902374268 0.03322547674179077 0.044124361127614975
9 0.243133082985878 0.667762279510498 0.044306185096502304 0.060374341905117035
9 0.3876967132091522 0.460723340511322 0.03518131375312805 0.039938297122716904
3 0.4882373809814453 0.05804196745157242 0.01917055994272232 0.0320000946521759
9 0.348617821931839 0.3896777331829071 0.02381201460957527 0.03584323450922966
3 0.49275389313697815 0.02742648683488369 0.014958685263991356 0.024374261498451233
1 0.3854968845844269 0.5633824467658997 0.016337720677256584 0.04749017953872681
3 0.6677485704421997 0.30096906423568726 0.06606234610080719 0.05689553916454315
3 0.012768557295203209 0.36290377378463745 0.025463642552495003 0.060013655573129654
0 0.6112394332885742 0.2887698709964752 0.010185915045440197 0.03413349390029907
9 0.733394205570221 0.5289244055747986 0.02634461410343647 0.03869696706533432
3 0.23793964087963104 0.346077561378479 0.05720392242074013 0.054010987281799316
