3 0.5680577754974365 0.9102118015289307 0.08636533468961716 0.17957636713981628
3 0.5210371017456055 0.49952778220176697 0.04888584092259407 0.10199880599975586
3 0.6449872255325317 0.3301266133785248 0.055873870849609375 0.0678471177816391
3 0.826098620891571 0.26182815432548523 0.05750409513711929 0.05011193826794624
3 0.832004964351654 0.16809087991714478 0.05141296610236168 0.046451225876808167
3 0.20577013492584229 0.1988867074251175 0.026199251413345337 0.04664298892021179
1 0.7713640928268433 0.677390992641449 0.01864444464445114 0.06113026291131973
3 0.2501494586467743 0.1882365196943283 0.029599381610751152 0.049315810203552246
3 0.23741871118545532 0.15233798325061798 0.02866579033434391 0.041336409747600555
3 0.3794730007648468 0.08656857907772064 0.021301763132214546 0.03523021191358566
3 0.057406581938266754 0.06415039300918579 0.019373586401343346 0.033142220228910446
2 0.5237851142883301 0.677317202091217 0.04386726766824722 0.052246056497097015
