3 0.8392249941825867 0.7608523964881897 0.21236437559127808 0.16750967502593994
3 0.6348538398742676 0.5807888507843018 0.11214447021484375 0.14216914772987366
3 0.5414243936538696 0.6131802797317505 0.088475801050663 0.16176266968250275
3 0.3512788712978363 0.3754667639732361 0.05748748779296875 0.10330267995595932
4 0.4649296700954437 0.8538084030151367 0.12193339318037033 0.2923833131790161
3 0.41197386384010315 0.4542808532714844 0.05808801203966141 0.13233591616153717
3 0.5134769082069397 0.32760074734687805 0.041876982897520065 0.07683201134204865
3 0.4320197105407715 0.2586890459060669 0.03950509428977966 0.07192977517843246
3 0.3592672646045685 0.18909196555614471 0.0375940203666687 0.06157112121582031
0 0.6431863307952881 0.4354831874370575 0.01727963611483574 0.07643365114927292
0 0.030025752261281013 0.6525188088417053 0.026185017079114914 0.10504557937383652
3 0.4538448750972748 0.05014804005622864 0.017266621813178062 0.03191128000617027
0 0.6652804613113403 0.45284196734428406 0.016918765380978584 0.08597125113010406
3 0.4411959648132324 0.18129992485046387 0.027849040925502777 0.06104639917612076
3 0.37716054916381836 0.13137979805469513 0.025410933420062065 0.039309483021497726
3 0.4023289382457733 0.10833806544542313 0.02487793006002903 0.03594304621219635
3 0.5196327567100525 0.04618602246046066 0.021647823974490166 0.029889291152358055
6 0.622225284576416 0.9230899214744568 0.09150507301092148 0.15331441164016724
9 0.14207057654857635 0.4952563941478729 0.04031062498688698 0.07578954845666885
3 0.48716235160827637 0.09013424813747406 0.01678372547030449 0.029711784794926643
