3 0.4569622278213501 0.6838709712028503 0.01826993189752102 0.07191266119480133
3 0.2156384438276291 0.7161945104598999 0.04405437037348747 0.032623570412397385
3 0.7988119721412659 0.8134486675262451 0.04251287132501602 0.034245509654283524
3 0.2630007565021515 0.12380921840667725 0.03523692116141319 0.03354044631123543
3 0.8284670114517212 0.788916826248169 0.03839685767889023 0.033316340297460556
3 0.30079153180122375 0.8674153685569763 0.019930940121412277 0.0736500471830368
3 0.46499940752983093 0.4726342558860779 0.016333995386958122 0.06481762230396271
3 0.27682948112487793 0.6536603569984436 0.035307493060827255 0.06235503405332565
3 0.4915175139904022 0.47831082344055176 0.017258139327168465 0.06620248407125473
3 0.14233815670013428 0.47832414507865906 0.042443983256816864 0.04550202935934067
3 0.26961806416511536 0.08740852773189545 0.037866681814193726 0.032008323818445206
3 0.6028656363487244 0.6545678973197937 0.018504153937101364 0.07232845574617386
3 0.17714345455169678 0.07790060341358185 0.037133049219846725 0.02890099585056305
3 0.09827535599470139 0.48171108961105347 0.036062903702259064 0.03628065437078476
3 0.41660076379776 0.15017655491828918 0.035822879523038864 0.031368471682071686
3 0.6105286478996277 0.09475638717412949 0.034140195697546005 0.030823811888694763
3 0.15255463123321533 0.6939979791641235 0.04357963055372238 0.032699208706617355
3 0.47369614243507385 0.3760422468185425 0.017939399927854538 0.06705433875322342
3 0.48437273502349854 0.7718495726585388 0.017150340601801872 0.07077030837535858
3 0.5252110362052917 0.07575953751802444 0.03743142634630203 0.03234783187508583
3 0.08582600951194763 0.07450184971094131 0.03987762704491615 0.03412480279803276
3 0.6056581735610962 0.1762934774160385 0.036716729402542114 0.031849320977926254
3 0.8677139282226562 0.27730876207351685 0.03682825341820717 0.031179990619421005
3 0.4956040382385254 0.37714242935180664 0.01614505611360073 0.061786409467458725
3 0.7849156856536865 0.29218360781669617 0.032182492315769196 0.04866299405694008
3 0.44672808051109314 0.05299076437950134 0.031079506501555443 0.027514224871993065
3 0.7730973362922668 0.6711785197257996 0.016856025904417038 0.06714210659265518
3 0.46324121952056885 0.5869058966636658 0.017163490876555443 0.06864851713180542
3 0.5961461067199707 0.8777505159378052 0.016532674431800842 0.06615636497735977
3 0.48768389225006104 0.5707847476005554 0.016225658357143402 0.05925608426332474
3 0.38932618498802185 0.05520442873239517 0.03509541600942612 0.03461538255214691
3 0.5547470450401306 0.9218462109565735 0.01946043223142624 0.07122635096311569
3 0.8427222967147827 0.753291666507721 0.03657684475183487 0.033412959426641464
3 0.7508781552314758 0.07567674666643143 0.03340265527367592 0.029512742534279823
3 0.16842760145664215 0.5726887583732605 0.03840155899524689 0.031699348241090775
3 0.8741812705993652 0.08845348656177521 0.03423255681991577 0.029290014877915382
3 0.058759551495313644 0.9750227928161621 0.031284235417842865 0.04220952093601227
3 0.3679025173187256 0.09505591541528702 0.035845477133989334 0.03436707332730293
3 0.10865922272205353 0.11952421069145203 0.0364292673766613 0.030675841495394707
3 0.8170547485351562 0.07053599506616592 0.033239029347896576 0.029489556327462196
3 0.009648281149566174 0.11378991603851318 0.019211245700716972 0.03468899428844452
3 0.07474349439144135 0.8523122668266296 0.026506077498197556 0.029741434380412102
3 0.011136919260025024 0.07838527113199234 0.022223854437470436 0.025286700576543808
