3 0.6508923172950745 0.7274275422096252 0.10151775926351547 0.1534542292356491
3 0.8634794354438782 0.9375137686729431 0.1775745153427124 0.11855875700712204
3 0.39020174741744995 0.7527691721916199 0.0604744628071785 0.177877277135849
3 0.5262507200241089 0.9045876264572144 0.06943970173597336 0.18682318925857544
4 0.4172374904155731 0.45454585552215576 0.042254235595464706 0.12078291177749634
3 0.487320214509964 0.20396964251995087 0.028071999549865723 0.04902559146285057
3 0.6556189656257629 0.9484273195266724 0.0812603235244751 0.10239888727664948
3 0.49500954151153564 0.12602348625659943 0.022469105198979378 0.038924116641283035
3 0.5261467099189758 0.0882289931178093 0.02060789242386818 0.03647753223776817
3 0.43326684832572937 0.11888693273067474 0.03929788991808891 0.03631748631596565
3 0.44024744629859924 0.045839373022317886 0.018597861751914024 0.03681337460875511
7 0.32065245509147644 0.7081983685493469 0.04993786662817001 0.14166259765625
3 0.4031287729740143 0.04172912985086441 0.018493562936782837 0.029634539037942886
9 0.28609028458595276 0.5842395424842834 0.02082490362226963 0.0644497349858284
3 0.5089229941368103 0.06672050058841705 0.01731167919933796 0.030914397910237312
3 0.9709188342094421 0.2347031831741333 0.05808375030755997 0.04987194761633873
3 0.3541175425052643 0.22482627630233765 0.03365164250135422 0.07172852009534836
3 0.5149933099746704 0.04700272157788277 0.021927598863840103 0.033054418861866
3 0.38735195994377136 0.10600629448890686 0.0218515507876873 0.0382470041513443
4 0.5198704600334167 0.5803318023681641 0.05861062556505203 0.13387666642665863
1 0.5422787070274353 0.3927031457424164 0.012990211136639118 0.04585738852620125
3 0.431594580411911 0.08503571152687073 0.02112521044909954 0.03537512570619583
3 0.4155825674533844 0.02355693280696869 0.017390666529536247 0.02729356475174427
9 0.5414577722549438 0.40870943665504456 0.01263872068375349 0.04402027279138565
9 0.17937788367271423 0.6449748873710632 0.041321251541376114 0.06297304481267929
3 0.48763176798820496 0.07536056637763977 0.022197723388671875 0.031183326616883278
2 0.10256505012512207 0.8581054210662842 0.04370274394750595 0.05298984795808792
3 0.3958335518836975 0.023572012782096863 0.016706084832549095 0.03106316551566124
