3 0.4410533010959625 0.6353785395622253 0.017274655401706696 0.06939498335123062
3 0.39140060544013977 0.12497957795858383 0.015506834723055363 0.059918362647295
3 0.36012569069862366 0.40206149220466614 0.019806671887636185 0.06582920998334885
3 0.4352888762950897 0.06010916829109192 0.016982583329081535 0.06307294964790344
3 0.29167646169662476 0.5217066407203674 0.01741151325404644 0.06739231199026108
3 0.4693872034549713 0.9757830500602722 0.01662929728627205 0.04843391105532646
3 0.2837814688682556 0.8974590301513672 0.019273847341537476 0.07420112192630768
3 0.6529402136802673 0.4145096242427826 0.0220947265625 0.0609920360147953
3 0.32086724042892456 0.05970999225974083 0.016654115170240402 0.060197629034519196
3 0.2796226441860199 0.9776064157485962 0.0171051025390625 0.04478728026151657
3 0.3558212220668793 0.19521532952785492 0.01814364269375801 0.06815143674612045
3 0.5374201536178589 0.9685167670249939 0.018225861713290215 0.06296650320291519
3 0.42271748185157776 0.9044429063796997 0.017140017822384834 0.06916543841362
3 0.42963096499443054 0.351094126701355 0.016120148822665215 0.06495088338851929
3 0.785398006439209 0.31043386459350586 0.03960409760475159 0.030860692262649536
3 0.03791465237736702 0.43076562881469727 0.021053258329629898 0.05736558884382248
3 0.2992989420890808 0.09844525903463364 0.015988023951649666 0.06212129071354866
3 0.6721885800361633 0.270763635635376 0.016079353168606758 0.057021576911211014
3 0.09654470533132553 0.4379604756832123 0.017309391871094704 0.0598624050617218
3 0.7705469727516174 0.42392498254776 0.016157710924744606 0.050696320831775665
3 0.9648920297622681 0.9309910535812378 0.03788604959845543 0.03131159394979477
3 0.004909498617053032 0.43542808294296265 0.009722518734633923 0.04998161271214485
3 0.07852356135845184 0.4389963746070862 0.015386817045509815 0.05640905350446701
