3 0.4563077986240387 0.9445081949234009 0.019746579229831696 0.07671680301427841
3 0.46479424834251404 0.025935407727956772 0.01732509955763817 0.051870815455913544
3 0.45727890729904175 0.4324307143688202 0.027150457724928856 0.05880502238869667
3 0.09077775478363037 0.7383952140808105 0.03765690326690674 0.03618898242712021
3 0.791221022605896 0.5305237174034119 0.03347894921898842 0.05535553768277168
3 0.4818141460418701 0.9637797474861145 0.018658043816685677 0.07244051247835159
3 0.28838515281677246 0.2695789039134979 0.03837594389915466 0.02944597229361534
3 0.5970137715339661 0.06315608322620392 0.01592748425900936 0.060859132558107376
3 0.31943315267562866 0.05416962876915932 0.01716337725520134 0.06357300281524658
3 0.2725679278373718 0.9117845296859741 0.03692835569381714 0.05981988087296486
3 0.2661072611808777 0.32144200801849365 0.036413755267858505 0.02938288450241089
3 0.17064248025417328 0.14680413901805878 0.034388016909360886 0.04417724907398224
3 0.26857033371925354 0.36551418900489807 0.043940555304288864 0.0332409031689167
3 0.7781510353088379 0.921408474445343 0.019242051988840103 0.07454730570316315
3 0.649768590927124 0.41125747561454773 0.03479959815740585 0.029369879513978958
3 0.4624040126800537 0.8446248769760132 0.01728057861328125 0.07047589868307114
3 0.4644105136394501 0.7166419625282288 0.017858438193798065 0.07080213725566864
3 0.14538641273975372 0.9565511345863342 0.044118378311395645 0.034950725734233856
3 0.3429606556892395 0.3318684697151184 0.03592978045344353 0.027540020644664764
3 0.6059474349021912 0.9087634682655334 0.01838742382824421 0.07195127755403519
3 0.4905403256416321 0.7169315218925476 0.016813121736049652 0.07232818007469177
3 0.44224369525909424 0.02081345207989216 0.015050776302814484 0.04162690415978432
3 0.350294828414917 0.37718069553375244 0.03709873929619789 0.028638692572712898
3 0.4770700931549072 0.306828111410141 0.03422030434012413 0.04009212180972099
3 0.49517157673835754 0.6186657547950745 0.01562423724681139 0.06441862136125565
3 0.4630107283592224 0.10810486227273941 0.017221832647919655 0.06623401492834091
3 0.19961653649806976 0.25764837861061096 0.03452995419502258 0.028777997940778732
3 0.8753288984298706 0.510521650314331 0.03682978078722954 0.028612684458494186
3 0.4729105532169342 0.6167646646499634 0.01812192238867283 0.06804554164409637
3 0.42958149313926697 0.35655006766319275 0.03540227562189102 0.03075936622917652
3 0.4875742495059967 0.8237793445587158 0.018444420769810677 0.07046808302402496
3 0.43420663475990295 0.10020341724157333 0.01724148914217949 0.05879601463675499
3 0.9321867227554321 0.45276662707328796 0.0370643176138401 0.029935909435153008
3 0.16076640784740448 0.8321560621261597 0.03917250037193298 0.032350387424230576
3 0.02413395792245865 0.30636322498321533 0.04400401934981346 0.031281717121601105
3 0.5494681000709534 0.3127552270889282 0.0331994891166687 0.029745064675807953
3 0.5083708763122559 0.7728173732757568 0.015407786704599857 0.06299099326133728
3 0.5998199582099915 0.2729157507419586 0.03277964890003204 0.027634086087346077
3 0.054993659257888794 0.24955406785011292 0.03824955224990845 0.030205542221665382
3 0.7704164385795593 0.28197941184043884 0.032870665192604065 0.031020859256386757
3 0.5444947481155396 0.2643227279186249 0.03429547697305679 0.031246470287442207
3 0.1355516016483307 0.7367063164710999 0.03970758989453316 0.040695372968912125
3 0.28620535135269165 0.21778807044029236 0.03570736199617386 0.03240875154733658
3 0.15596717596054077 0.3209621012210846 0.04690108820796013 0.025720713660120964
3 0.21132005751132965 0.9781122803688049 0.04476127773523331 0.034443534910678864
3 0.4015982449054718 0.24506884813308716 0.0320887416601181 0.02766598016023636
