3 0.5757030844688416 0.880206286907196 0.06934814900159836 0.16544955968856812
3 0.06640174984931946 0.8021953701972961 0.08192261308431625 0.14570114016532898
3 0.16108480095863342 0.5095707774162292 0.048966363072395325 0.09598863869905472
3 0.3782936930656433 0.06984742730855942 0.015236596576869488 0.027889935299754143
3 0.37430375814437866 0.18730756640434265 0.020397791638970375 0.04213893413543701
3 0.27595099806785583 0.13234512507915497 0.02298736572265625 0.03859608992934227
3 0.4016765058040619 0.22776702046394348 0.023998619988560677 0.04929410666227341
3 0.4831884205341339 0.4025219678878784 0.03297007083892822 0.0660954937338829
3 0.37419429421424866 0.14010758697986603 0.019937224686145782 0.035706713795661926
3 0.6252623796463013 0.04539479315280914 0.020607175305485725 0.023447226732969284
9 0.03308125585317612 0.5300963521003723 0.03223174810409546 0.033176518976688385
