3 0.26919254660606384 0.45444759726524353 0.0818987712264061 0.06933151185512543
3 0.44281232357025146 0.45953497290611267 0.07601713389158249 0.061203185468912125
3 0.14238569140434265 0.3918275237083435 0.051471710205078125 0.06423407793045044
3 0.4098093509674072 0.7021017670631409 0.04792489483952522 0.12978655099868774
3 0.5249360799789429 0.2984105348587036 0.054172877222299576 0.03475352004170418
3 0.8249896764755249 0.358976811170578 0.04179346561431885 0.04531760886311531
3 0.11175339668989182 0.590261697769165 0.10615527629852295 0.09777680784463882
3 0.6589489579200745 0.9690085053443909 0.10312405973672867 0.06198291853070259
3 0.9872443675994873 0.5639955997467041 0.02513275109231472 0.09333532303571701
3 0.7461423873901367 0.28038138151168823 0.04612269625067711 0.04143583029508591
1 0.8510982990264893 0.5258201956748962 0.015136000700294971 0.04420130327343941
3 0.2744559049606323 0.21666252613067627 0.02575382962822914 0.040607865899801254
4 0.7302564978599548 0.9336646199226379 0.1103760227560997 0.12463291734457016
9 0.9379667639732361 0.7895753979682922 0.0420677624642849 0.06612445414066315
1 0.7877601385116577 0.6294954419136047 0.016359128057956696 0.050238557159900665
3 0.6559032797813416 0.232437402009964 0.04121188074350357 0.03336317464709282
0 0.5696616768836975 0.3061577379703522 0.008736285381019115 0.032851915806531906
3 0.04399093613028526 0.13914698362350464 0.02977532334625721 0.03845420479774475
4 0.944858193397522 0.3951728045940399 0.06221161037683487 0.05959504842758179
