3 0.5555436015129089 0.1506972759962082 0.03197479248046875 0.056536778807640076
3 0.5645497441291809 0.819232702255249 0.018441548570990562 0.07127853482961655
3 0.3148600161075592 0.2452918291091919 0.026251019909977913 0.06273309141397476
3 0.30671849846839905 0.6635488867759705 0.03187017887830734 0.06048101559281349
3 0.3126354217529297 0.7573239207267761 0.01724521443247795 0.06888531893491745
3 0.404190331697464 0.4746943712234497 0.017531227320432663 0.0713479071855545
3 0.4618070721626282 0.24360835552215576 0.017564885318279266 0.06704822182655334
3 0.9275521636009216 0.4655921757221222 0.03795085474848747 0.027178198099136353
3 0.4556167721748352 0.5737044811248779 0.01597442664206028 0.06114601716399193
3 0.9791464805603027 0.5425166487693787 0.02660369873046875 0.05721519514918327
3 0.48185309767723083 0.6638352274894714 0.017024634405970573 0.06616486608982086
3 0.45513951778411865 0.8911305665969849 0.01744631677865982 0.06808675080537796
3 0.45084211230278015 0.405364453792572 0.01654111035168171 0.06630468368530273
3 0.05161109194159508 0.6404528617858887 0.02220344915986061 0.06748349964618683
3 0.4973019063472748 0.9716697931289673 0.016724126413464546 0.0566604919731617
3 0.6033457517623901 0.8840696811676025 0.02018526941537857 0.07727258652448654
3 0.3095957338809967 0.4365869462490082 0.03568602353334427 0.04850902780890465
3 0.3123737573623657 0.8853378891944885 0.017916062846779823 0.07378065586090088
3 0.8983132839202881 0.40699586272239685 0.01655031181871891 0.05373280122876167
3 0.5611756443977356 0.49367213249206543 0.028920162469148636 0.05624685063958168
3 0.5654813051223755 0.9540748000144958 0.019466040655970573 0.08341607451438904
3 0.4483010470867157 0.6731970310211182 0.01502227783203125 0.06844621896743774
3 0.29657816886901855 0.8290861248970032 0.03040524758398533 0.03570524975657463
3 0.8688541650772095 0.5612172484397888 0.02056615613400936 0.0627131462097168
3 0.42212480306625366 0.8595378398895264 0.017605815082788467 0.07324793189764023
3 0.8969275951385498 0.295579731464386 0.019609788432717323 0.06489050388336182
3 0.9201331734657288 0.5528877377510071 0.018465379253029823 0.0651029720902443
3 0.011803868226706982 0.01370079256594181 0.023607736453413963 0.02740158513188362
3 0.42475426197052 0.22175489366054535 0.018112363293766975 0.06634292006492615
3 0.8978675603866577 0.546032726764679 0.02025146596133709 0.06607761979103088
3 0.5536365509033203 0.0169349554926157 0.015117106959223747 0.031469475477933884
4 0.5612102746963501 0.6390548944473267 0.017350366339087486 0.0670374259352684
3 0.3294691741466522 0.5902732610702515 0.04200199618935585 0.03441788628697395
3 0.015007197856903076 0.6014586091041565 0.01958669349551201 0.06741432845592499
4 0.5551995635032654 0.2831348478794098 0.025036711245775223 0.05922776088118553
3 0.5581974983215332 0.35733720660209656 0.01723664253950119 0.05908370763063431
3 0.3225565552711487 0.07974561303853989 0.016024107113480568 0.06497552245855331
3 0.8972002267837524 0.16463568806648254 0.014910170808434486 0.05483344569802284
