3 0.8332846164703369 0.38653668761253357 0.09603945165872574 0.06031171232461929
3 0.47106170654296875 0.3815334141254425 0.09447667747735977 0.0605337917804718
3 0.7643089890480042 0.27492544054985046 0.03987709432840347 0.0429377555847168
3 0.6307765245437622 0.2607007324695587 0.031051412224769592 0.04324544221162796
3 0.5304796099662781 0.2581827938556671 0.02813662402331829 0.05151064321398735
9 0.6927412152290344 0.47240668535232544 0.024379147216677666 0.053694821894168854
0 0.46578720211982727 0.2960766851902008 0.009653831832110882 0.04624105244874954
3 0.9855594635009766 0.26230791211128235 0.028881117701530457 0.0456189326941967
0 0.48409461975097656 0.2933836877346039 0.010046611540019512 0.045118287205696106
0 0.9553268551826477 0.2593986988067627 0.010859949514269829 0.04124416783452034
