3 0.3187783658504486 0.32257065176963806 0.06972122192382812 0.04753986746072769
3 0.41344794631004333 0.42261895537376404 0.08477967232465744 0.06164925917983055
3 0.87413090467453 0.43275538086891174 0.08062744140625 0.06456534564495087
3 0.7120190858840942 0.24626381695270538 0.0326213613152504 0.04540973901748657
3 0.748424232006073 0.18624770641326904 0.024838212877511978 0.0312177874147892
3 0.7192059755325317 0.29496288299560547 0.03471773862838745 0.04863760247826576
6 0.38080328702926636 0.5177592635154724 0.06729372590780258 0.05543476343154907
3 0.027596788480877876 0.3382677733898163 0.05516672879457474 0.058487799018621445
3 0.13539285957813263 0.21285013854503632 0.03854651749134064 0.03620795160531998
0 0.5483177304267883 0.31308913230895996 0.010700630024075508 0.04203076288104057
3 0.760647177696228 0.36814501881599426 0.05949778854846954 0.05721196532249451
3 0.7893955111503601 0.14361263811588287 0.019839836284518242 0.028477748855948448
1 0.3761749863624573 0.49836164712905884 0.012682836502790451 0.04206136241555214
3 0.4369086027145386 0.20201461017131805 0.03688107803463936 0.03355958312749863
9 0.08096601068973541 0.5980120301246643 0.030110999941825867 0.057732198387384415
0 0.7353477478027344 0.34346693754196167 0.01019915472716093 0.04042494297027588
3 0.8729602694511414 0.06802255660295486 0.011660408228635788 0.0185556598007679
0 0.7343776226043701 0.34706827998161316 0.010005950927734375 0.03759165480732918
9 0.23593616485595703 0.30004292726516724 0.02723171003162861 0.034738119691610336
9 0.38097310066223145 0.5179027318954468 0.06563998758792877 0.05111558735370636
3 0.41241952776908875 0.21227140724658966 0.03997039794921875 0.02995685301721096
1 0.07903160899877548 0.5835121273994446 0.02317035384476185 0.05987074226140976
9 0.23855501413345337 0.5813256502151489 0.02817535400390625 0.051767826080322266
7 0.12982438504695892 0.3680981993675232 0.04002698138356209 0.057126034051179886
1 0.3906858563423157 0.5032289624214172 0.015256769955158234 0.04451601207256317
1 0.23528777062892914 0.5678346753120422 0.02063998021185398 0.05161472037434578
