3 0.5342870354652405 0.4310733675956726 0.04307901859283447 0.055317122489213943
3 0.7711126208305359 0.34297192096710205 0.061212293803691864 0.048783548176288605
4 0.7586560845375061 0.9415150880813599 0.13003845512866974 0.11109531670808792
0 0.9703329801559448 0.5063544511795044 0.016373489052057266 0.062234796583652496
3 0.9770915508270264 0.2997308075428009 0.04581702873110771 0.04142448306083679
3 0.3316224217414856 0.3341039717197418 0.030699247494339943 0.052426230162382126
3 0.7340050935745239 0.28919169306755066 0.050983428955078125 0.036077842116355896
3 0.438703715801239 0.21675659716129303 0.02214992791414261 0.03352619335055351
3 0.21856901049613953 0.15520618855953217 0.016818663105368614 0.031379181891679764
0 0.11528513580560684 0.35022956132888794 0.009106355719268322 0.03920288383960724
0 0.12058563530445099 0.46551746129989624 0.011572759598493576 0.04864872992038727
3 0.4447501003742218 0.2667869031429291 0.02310238964855671 0.04613840952515602
3 0.47953206300735474 0.34411391615867615 0.031930722296237946 0.049345728009939194
3 0.509007453918457 0.18869274854660034 0.017383575439453125 0.030276091769337654
8 0.43384549021720886 0.3477810323238373 0.0822063684463501 0.1327555626630783
3 0.5579730868339539 0.22858260571956635 0.0217626690864563 0.03495800495147705
3 0.5347164273262024 0.21360516548156738 0.024102559313178062 0.03393881767988205
3 0.9202864170074463 0.4088974595069885 0.07240672409534454 0.056547995656728745
3 0.22140434384346008 0.0429750457406044 0.011729386635124683 0.020091606304049492
3 0.4559478759765625 0.31103628873825073 0.02797214314341545 0.03958223760128021
