3 0.45818576216697693 0.4173680543899536 0.08284149318933487 0.1856975108385086
3 0.5121238827705383 0.10400494933128357 0.04645610228180885 0.0905124694108963
0 0.07684625685214996 0.7249467372894287 0.03966812789440155 0.12688107788562775
3 0.832459568977356 0.1751651167869568 0.10739342123270035 0.08206839114427567
0 0.8444750905036926 0.40407413244247437 0.024168934673070908 0.0904904454946518
3 0.8345425724983215 0.2501085102558136 0.10761988162994385 0.09439198672771454
4 0.7315865755081177 0.2308245599269867 0.05415856093168259 0.11795599013566971
4 0.05938299000263214 0.882047712802887 0.11876598000526428 0.23590470850467682
3 0.4982037842273712 0.23191606998443604 0.056743621826171875 0.1402362436056137
3 0.7632943987846375 0.03137639909982681 0.07476295530796051 0.05800479277968407
3 0.9629523754119873 0.5804911851882935 0.07409515231847763 0.16494081914424896
