3 0.6569422483444214 0.5828908681869507 0.15779943764209747 0.18008120357990265
3 0.4310835599899292 0.6844968795776367 0.08113528788089752 0.21848703920841217
3 0.3087503910064697 0.19820132851600647 0.045625507831573486 0.08543168008327484
3 0.9049524664878845 0.5529873371124268 0.1745792180299759 0.11642643809318542
3 0.9295532703399658 0.4587398171424866 0.14042770862579346 0.10395372658967972
3 0.2816559076309204 0.0833282321691513 0.03308473527431488 0.0563388429582119
3 0.44395962357521057 0.13981802761554718 0.042718686163425446 0.0657631978392601
3 0.3342125117778778 0.02414556033909321 0.025536885485053062 0.04507138580083847
0 0.13358986377716064 0.23178730905056 0.017805200070142746 0.0709596574306488
3 0.42022886872291565 0.05840085446834564 0.02668515406548977 0.045726288110017776
0 0.095817431807518 0.22210931777954102 0.016894077882170677 0.06646820157766342
3 0.48898324370384216 0.9402891397476196 0.10282844305038452 0.11755507439374924
9 0.8250190615653992 0.3991669714450836 0.05390831455588341 0.058092743158340454
3 0.5280535817146301 0.07193372398614883 0.03220520168542862 0.057137977331876755
