3 0.4842114746570587 0.534143328666687 0.16276931762695312 0.2223663628101349
3 0.5693231821060181 0.8527174592018127 0.19802992045879364 0.29456502199172974
3 0.16456985473632812 0.6381232738494873 0.22745074331760406 0.19109465181827545
3 0.7990397214889526 0.19683587551116943 0.06797916442155838 0.11665931344032288
3 0.22978459298610687 0.26371872425079346 0.12897604703903198 0.1235060766339302
3 0.8267300128936768 0.1130492091178894 0.05820994824171066 0.09826724231243134
3 0.10672680288553238 0.19394659996032715 0.15043142437934875 0.10199722647666931
3 0.09070225805044174 0.198430597782135 0.11486081779003143 0.09249090403318405
0 0.7285764217376709 0.4453200399875641 0.03214932605624199 0.09782850742340088
3 0.017748689278960228 0.16086958348751068 0.035176049917936325 0.10090785473585129
0 0.7468989491462708 0.5163792371749878 0.02990911155939102 0.09479574114084244
