3 0.6843960881233215 0.6867349743843079 0.15798591077327728 0.1541679948568344
3 0.24792660772800446 0.5401120781898499 0.08695954829454422 0.12953084707260132
3 0.7341445088386536 0.6215906143188477 0.1468588411808014 0.13036654889583588
8 0.2366948127746582 0.32079043984413147 0.1097906231880188 0.18210174143314362
3 0.7533655762672424 0.5230715274810791 0.12357810884714127 0.10670708864927292
3 0.905656635761261 0.8324942588806152 0.1886867731809616 0.20191754400730133
3 0.35600751638412476 0.25164279341697693 0.05664818733930588 0.060592472553253174
3 0.5649803280830383 0.38876649737358093 0.0662248507142067 0.07673096656799316
3 0.3205311894416809 0.22370702028274536 0.0596439391374588 0.0499410405755043
3 0.5944918394088745 0.2385353147983551 0.03915499523282051 0.04781163111329079
8 0.5602872371673584 0.12139681726694107 0.07660158723592758 0.08567818999290466
3 0.758200466632843 0.32910463213920593 0.06444047391414642 0.05664615333080292
3 0.5621421933174133 0.19640600681304932 0.041780002415180206 0.042676541954278946
3 0.4238855242729187 0.19079451262950897 0.049438927322626114 0.04463692754507065
0 0.5247601866722107 0.49741464853286743 0.01793728955090046 0.07691124081611633
0 0.5219205021858215 0.6780300140380859 0.021319400519132614 0.09930639714002609
3 0.7273197174072266 0.2744542360305786 0.06605112552642822 0.051948558539152145
3 0.47604864835739136 0.16241513192653656 0.04923486337065697 0.03903317078948021
3 0.15393322706222534 0.16077055037021637 0.051563140004873276 0.04166046530008316
3 0.6281077265739441 0.12273161113262177 0.03109893947839737 0.03352546691894531
3 0.05926470085978508 0.14213523268699646 0.04536778852343559 0.040297407656908035
4 0.2135213166475296 0.1604253351688385 0.041573043912649155 0.05211460962891579
0 0.5379859805107117 0.7072868943214417 0.019204173237085342 0.10515819489955902
3 0.7141047716140747 0.24855220317840576 0.0661296620965004 0.048688922077417374
3 0.7678306102752686 0.19138598442077637 0.0376141257584095 0.03925382345914841
9 0.6262270212173462 0.5065383315086365 0.04500333219766617 0.05737607926130295
3 0.8109464645385742 0.1642427295446396 0.0366918221116066 0.042080093175172806
3 0.48604369163513184 0.19075700640678406 0.043911565095186234 0.04430970922112465
3 0.7152661681175232 0.23397758603096008 0.06901052594184875 0.05259072408080101
3 0.018719816580414772 0.13176573812961578 0.03523152321577072 0.03327425569295883
0 0.6356520056724548 0.4006321430206299 0.013592888601124287 0.05451827868819237
4 0.9444736242294312 0.46965262293815613 0.10486944019794464 0.11556049436330795
0 0.1290973722934723 0.16381804645061493 0.010315659455955029 0.0389946848154068
3 0.7444108724594116 0.21786397695541382 0.04076502099633217 0.04160487651824951
3 0.916472315788269 0.1276400089263916 0.04279327392578125 0.034124668687582016
