3 0.0458439476788044 0.6270461082458496 0.09107723832130432 0.09502982348203659
3 0.838003933429718 0.44406163692474365 0.08544635027647018 0.06656274944543839
3 0.12942031025886536 0.8777729868888855 0.11094317585229874 0.1276034563779831
3 0.059285081923007965 0.9562061429023743 0.11717802286148071 0.08758768439292908
3 0.42086541652679443 0.14757752418518066 0.018034452572464943 0.03240513056516647
3 0.618802547454834 0.16798096895217896 0.018180308863520622 0.02948823943734169
3 0.46943438053131104 0.189142107963562 0.02692144177854061 0.04899365082383156
3 0.03621843457221985 0.919586181640625 0.0724368691444397 0.16082780063152313
3 0.8477261066436768 0.2738543748855591 0.06144337356090546 0.04352746158838272
3 0.6679069399833679 0.20813187956809998 0.02193450927734375 0.036738716065883636
0 0.9783596396446228 0.4221566617488861 0.011347423307597637 0.04331290349364281
3 0.419921338558197 0.0686112642288208 0.015234779566526413 0.02840998023748398
8 0.3315895199775696 0.20904788374900818 0.03632808104157448 0.07598678022623062
0 0.7171279191970825 0.28371644020080566 0.00839646253734827 0.03363232687115669
3 0.4586013853549957 0.07555639743804932 0.01689946837723255 0.026631593704223633
