3 0.5985773205757141 0.9090784788131714 0.06850146502256393 0.17948676645755768
3 0.5094416737556458 0.8745717406272888 0.06712265312671661 0.1904710978269577
3 0.3910207152366638 0.45132556557655334 0.04125673696398735 0.09262460470199585
3 0.48737281560897827 0.6547576785087585 0.05130341649055481 0.12480281293392181
3 0.5403707027435303 0.22444157302379608 0.0421631783246994 0.04619009047746658
3 0.06415078043937683 0.6465376019477844 0.12218204140663147 0.08861523121595383
3 0.349075049161911 0.2554178833961487 0.04173712059855461 0.05646418407559395
3 0.9252780675888062 0.1463528871536255 0.05909083038568497 0.04198874905705452
3 0.4769258499145508 0.4143538177013397 0.036232758313417435 0.0673382580280304
3 0.4675932228565216 0.26846277713775635 0.026374997571110725 0.05603119358420372
3 0.3293607532978058 0.16210918128490448 0.04543100297451019 0.03799637034535408
3 0.4664691686630249 0.17203310132026672 0.02111874707043171 0.0367281548678875
3 0.018482089042663574 0.5040419697761536 0.03696417808532715 0.12824276089668274
3 0.9724317789077759 0.1314493864774704 0.04445836693048477 0.03783204406499863
3 0.4865438640117645 0.0924338698387146 0.018380917608737946 0.030996406450867653
3 0.35494276881217957 0.13059672713279724 0.02098388783633709 0.03180118277668953
3 0.4244324266910553 0.04327664151787758 0.014374228194355965 0.022559572011232376
1 0.31463539600372314 0.43566641211509705 0.011337908916175365 0.03668620064854622
3 0.415231317281723 0.17476914823055267 0.023215260356664658 0.0432804599404335
3 0.5478789210319519 0.10174831748008728 0.032985106110572815 0.03040624037384987
3 0.6917825937271118 0.1611882746219635 0.0527312345802784 0.03308829665184021
