3 0.6739815473556519 0.6906909346580505 0.061551354825496674 0.1042875424027443
3 0.5455026030540466 0.8548166751861572 0.06648025661706924 0.14685091376304626
5 0.14881037175655365 0.594959020614624 0.09976433217525482 0.1320614516735077
3 0.43616917729377747 0.3532000780105591 0.01860293187201023 0.03131011873483658
3 0.4959699809551239 0.4111940264701843 0.025194549933075905 0.04278496652841568
3 0.4497120678424835 0.39576321840286255 0.022156614810228348 0.03729068487882614
0 0.2342047393321991 0.627698540687561 0.01427993830293417 0.05769314244389534
5 0.259088397026062 0.4180013835430145 0.04880036786198616 0.08024407923221588
3 0.5507810115814209 0.3824784457683563 0.028009528294205666 0.03662616014480591
3 0.44916725158691406 0.3097885847091675 0.017156219109892845 0.027361880987882614
3 0.5176350474357605 0.3315669596195221 0.022451559081673622 0.02934199385344982
3 0.4729890823364258 0.24130359292030334 0.011134742759168148 0.016232119873166084
3 0.8844950199127197 0.546161413192749 0.08252276480197906 0.06957896053791046
3 0.5022744536399841 0.33498531579971313 0.01552352961152792 0.0302957184612751
9 0.5895889401435852 0.5705769062042236 0.014749684371054173 0.03635270148515701
3 0.4132613241672516 0.27756279706954956 0.016012035310268402 0.022362763062119484
3 0.1611539125442505 0.45688396692276 0.07371868938207626 0.04445214569568634
