3 0.35779762268066406 0.4685637056827545 0.03583737462759018 0.050485849380493164
3 0.4521917998790741 0.3167470097541809 0.01666286773979664 0.06514611840248108
3 0.46915319561958313 0.18755817413330078 0.016768377274274826 0.06235461309552193
3 0.27527156472206116 0.7069616913795471 0.017908096313476562 0.06783535331487656
3 0.45263171195983887 0.04386269673705101 0.015990717336535454 0.06263382732868195
3 0.5552412271499634 0.026205619797110558 0.017275238409638405 0.04861686751246452
3 0.3033529818058014 0.28506818413734436 0.02076386846601963 0.06997447460889816
3 0.35701215267181396 0.9696341156959534 0.01798306591808796 0.06073181703686714
3 0.43557408452033997 0.4178900122642517 0.01673678308725357 0.06056690216064453
3 0.14282269775867462 0.4629353880882263 0.04186625778675079 0.03161317855119705
3 0.33095043897628784 0.8218731880187988 0.019945481792092323 0.0745307132601738
3 0.5317894816398621 0.614978551864624 0.016715554520487785 0.05867038294672966
3 0.7966527938842773 0.4565461277961731 0.036795224994421005 0.03156738355755806
3 0.7703065872192383 0.10660415887832642 0.031074166297912598 0.04951130226254463
3 0.2922182083129883 0.37629127502441406 0.02686581388115883 0.06081216037273407
3 0.422415167093277 0.7903066873550415 0.017016781494021416 0.06809640675783157
3 0.28159716725349426 0.6256946921348572 0.018921617418527603 0.06656514108181
3 0.7935700416564941 0.045678358525037766 0.03453638404607773 0.03125793859362602
3 0.01279763039201498 0.44119715690612793 0.025545524433255196 0.030780548229813576
3 0.6637067198753357 0.9422062039375305 0.01886444166302681 0.0693354606628418
3 0.06337431818246841 0.2560098469257355 0.021257266402244568 0.06368152797222137
3 0.08709687739610672 0.28035250306129456 0.019097547978162766 0.0485672727227211
3 0.5202618837356567 0.8823187947273254 0.02126922644674778 0.08345508575439453
3 0.0846356675028801 0.36472612619400024 0.022509368136525154 0.0788491889834404
