3 0.24304576218128204 0.6195081472396851 0.09643873572349548 0.20883330702781677
4 0.6102665066719055 0.40255025029182434 0.04971946403384209 0.11386890709400177
3 0.702232837677002 0.3419337272644043 0.09870681911706924 0.07311740517616272
5 0.34314069151878357 0.5993080735206604 0.10542106628417969 0.2844028174877167
3 0.3870576024055481 0.40242335200309753 0.05480892211198807 0.1158594936132431
3 0.39742836356163025 0.30658406019210815 0.04500754922628403 0.08451065421104431
0 0.5598176717758179 0.5816590189933777 0.020855532959103584 0.09905407577753067
3 0.8944133520126343 0.7278899550437927 0.18466438353061676 0.150373637676239
3 0.7054121494293213 0.4132070541381836 0.09560134261846542 0.08762577921152115
3 0.5622554421424866 0.04851244017481804 0.03479403257369995 0.02774236351251602
3 0.5603803992271423 0.09485822916030884 0.03321506455540657 0.03575151413679123
0 0.17601630091667175 0.3707644045352936 0.024781081825494766 0.05388319492340088
3 0.6066468358039856 0.17975828051567078 0.059270478785037994 0.04338535666465759
3 0.6277421116828918 0.20463690161705017 0.0577770471572876 0.05334014073014259
3 0.4327387809753418 0.10530044138431549 0.026664644479751587 0.04596523940563202
1 0.18459974229335785 0.5714442729949951 0.026563240215182304 0.07444865256547928
3 0.39877599477767944 0.06671703606843948 0.02183743752539158 0.0378347784280777
