3 0.6068147420883179 0.7937749028205872 0.08649004995822906 0.1391473114490509
3 0.8492754101753235 0.859529972076416 0.09695667773485184 0.1619964838027954
3 0.5181049108505249 0.5076877474784851 0.05515747144818306 0.09615407139062881
3 0.18099276721477509 0.42479026317596436 0.07860778272151947 0.05794067680835724
3 0.6435955166816711 0.3995887339115143 0.04092384874820709 0.06320174783468246
3 0.08781462907791138 0.4712749421596527 0.09071163088083267 0.06494787335395813
3 0.5688227415084839 0.3885251581668854 0.06782437860965729 0.05041061341762543
8 0.16560609638690948 0.16084405779838562 0.02815428376197815 0.06366225332021713
3 0.356840044260025 0.39804258942604065 0.07388229668140411 0.05421912670135498
3 0.3085227310657501 0.4355449378490448 0.07918696850538254 0.06386838853359222
9 0.8805565237998962 0.7589925527572632 0.03481113165616989 0.062360696494579315
0 0.8179924488067627 0.4727994501590729 0.01137524750083685 0.04591575264930725
3 0.6678686141967773 0.7575414180755615 0.07706087827682495 0.11698485165834427
3 0.7246471643447876 0.3135508596897125 0.05051938444375992 0.04489600658416748
0 0.7982065081596375 0.4825025200843811 0.011167369782924652 0.050539664924144745
1 0.880793571472168 0.7392013669013977 0.018251486122608185 0.05528460815548897
3 0.18127749860286713 0.01533415261656046 0.015454494394361973 0.02229120396077633
0 0.7993826866149902 0.47640079259872437 0.01160412933677435 0.05289797484874725
1 0.5774170756340027 0.5883790254592896 0.01757013611495495 0.045701172202825546
3 0.391530305147171 0.022060340270400047 0.01809903420507908 0.024067755788564682
