3 0.6352492570877075 0.8935719728469849 0.081476591527462 0.2128562480211258
3 0.3246443271636963 0.7579604983329773 0.07044143974781036 0.20498286187648773
3 0.8497580289840698 0.8318428993225098 0.14830735325813293 0.1350284367799759
3 0.45508092641830444 0.36913102865219116 0.038301579654216766 0.09685856848955154
3 0.7959031462669373 0.5801171064376831 0.12085364758968353 0.10717857629060745
3 0.5261363387107849 0.5159814357757568 0.041942596435546875 0.10767938196659088
3 0.5373126864433289 0.9396706223487854 0.06903547793626785 0.12056948989629745
3 0.24613600969314575 0.2143416702747345 0.04282321035861969 0.06676279008388519
3 0.9480604529380798 0.9503992795944214 0.10387914627790451 0.09727751463651657
3 0.7442032694816589 0.24718300998210907 0.049258604645729065 0.0779493972659111
3 0.41075342893600464 0.9506396055221558 0.06762026995420456 0.09872081875801086
3 0.4558448791503906 0.24732151627540588 0.03518981859087944 0.07633904367685318
3 0.26326173543930054 0.1483347862958908 0.03431672602891922 0.06673834472894669
3 0.38881716132164 0.32211247086524963 0.03907838836312294 0.09768254309892654
3 0.4216133654117584 0.6229580640792847 0.052257899194955826 0.17538975179195404
9 0.22870294749736786 0.8084686994552612 0.02527097798883915 0.09546935558319092
0 0.907768189907074 0.47046202421188354 0.019129764288663864 0.05312791466712952
4 0.566615104675293 0.06610377132892609 0.024917423725128174 0.055444762110710144
4 0.4219284951686859 0.6229914426803589 0.05259731784462929 0.17474214732646942
9 0.2855113744735718 0.4324634075164795 0.030158773064613342 0.04797467216849327
