3 0.58587247133255 0.6700062155723572 0.08412610739469528 0.15144182741641998
3 0.5612902641296387 0.4289894700050354 0.09054583311080933 0.09406518936157227
3 0.7233110666275024 0.3109474182128906 0.06341422349214554 0.06466276198625565
3 0.6903905868530273 0.4007798135280609 0.07520877569913864 0.08076547086238861
3 0.7689749598503113 0.4680324196815491 0.08574797958135605 0.10039808601140976
3 0.08001914620399475 0.44826143980026245 0.06989376246929169 0.09237702935934067
3 0.6196351051330566 0.9358147978782654 0.12508545815944672 0.12211539596319199
3 0.6566034555435181 0.3618604242801666 0.07478467375040054 0.07738986611366272
3 0.9246410131454468 0.16270393133163452 0.04148676246404648 0.04048750177025795
3 0.7721958160400391 0.35451143980026245 0.06599637120962143 0.06661470979452133
3 0.7823890447616577 0.2934853136539459 0.046472977846860886 0.0659530982375145
0 0.30261802673339844 0.35657230019569397 0.012811458669602871 0.06888771057128906
3 0.8374043107032776 0.29496216773986816 0.04600946977734566 0.06359464675188065
3 0.9812247157096863 0.14461660385131836 0.037550535053014755 0.040460675954818726
0 0.7068313956260681 0.7713618278503418 0.021526113152503967 0.07638753205537796
3 0.10003732144832611 0.21786177158355713 0.03135132044553757 0.03678575158119202
3 0.1637221872806549 0.2558315098285675 0.06363983452320099 0.055651258677244186
3 0.9287852048873901 0.12547877430915833 0.051428042352199554 0.04116677865386009
1 0.5537070631980896 0.529163658618927 0.021032266318798065 0.06503870338201523
4 0.8916164636611938 0.2516348361968994 0.05469396337866783 0.06986245512962341
