3 0.25382691621780396 0.8655321598052979 0.21696998178958893 0.19335466623306274
4 0.3704402446746826 0.6123455762863159 0.16036862134933472 0.16803261637687683
3 0.8369037508964539 0.7521601319313049 0.21622027456760406 0.19137808680534363
3 0.9265363216400146 0.5181434750556946 0.14692741632461548 0.17180004715919495
3 0.6988241672515869 0.08039171993732452 0.05792415887117386 0.11660104990005493
3 0.041169505566358566 0.1740988790988922 0.08233901113271713 0.1815629005432129
3 0.5695435404777527 0.04591166973114014 0.05515747144818306 0.08761352300643921
9 0.3068409562110901 0.3901525139808655 0.0550316758453846 0.05885181576013565
0 0.8881482481956482 0.34105274081230164 0.02803497388958931 0.09007245302200317
2 0.2694365978240967 0.28235769271850586 0.04027166962623596 0.05135125294327736
9 0.46946582198143005 0.01721702329814434 0.019459040835499763 0.03402334451675415
1 0.30913621187210083 0.37295952439308167 0.029108518734574318 0.06879100948572159
0 0.8967669606208801 0.3445774018764496 0.02649994008243084 0.08141930401325226
