3 0.5984968543052673 0.8251768350601196 0.11758764088153839 0.1944332867860794
3 0.5388011336326599 0.5737669467926025 0.04736898094415665 0.11449246108531952
3 0.549224853515625 0.40320029854774475 0.0735834464430809 0.06093311309814453
3 0.613063395023346 0.4100634455680847 0.0562884621322155 0.07194305956363678
3 0.6102809309959412 0.31348538398742676 0.06024331599473953 0.05163063853979111
0 0.2551341950893402 0.889487624168396 0.032122667878866196 0.09876709431409836
3 0.2638262212276459 0.19561608135700226 0.029185015708208084 0.035304270684719086
0 0.7906315922737122 0.6601391434669495 0.021157657727599144 0.0784655213356018
3 0.9474056363105774 0.23202240467071533 0.042185258120298386 0.034718312323093414
3 0.3334469497203827 0.2233903706073761 0.035100262612104416 0.03677495941519737
3 0.9158163666725159 0.35653552412986755 0.046211421489715576 0.05689593777060509
3 0.9745697379112244 0.9402446150779724 0.05086059495806694 0.11951091140508652
3 0.9846352934837341 0.47720029950141907 0.030729496851563454 0.07153172791004181
3 0.23617225885391235 0.235190287232399 0.03155093640089035 0.04697977751493454
0 0.4072478413581848 0.8940914869308472 0.024248190224170685 0.09708962589502335
3 0.39896366000175476 0.18176792562007904 0.03186959773302078 0.03560541942715645
3 0.838568389415741 0.2821885943412781 0.05440979078412056 0.0419478677213192
3 0.01672624796628952 0.2994025945663452 0.03335769474506378 0.0495467446744442
4 0.5212486386299133 0.21934564411640167 0.032356441020965576 0.04918932914733887
0 0.6711373925209045 0.7031289339065552 0.019006527960300446 0.07142282277345657
3 0.4715765118598938 0.21362784504890442 0.03997937589883804 0.03883080556988716
1 0.520788311958313 0.31598931550979614 0.012749211862683296 0.03767610713839531
1 0.34566017985343933 0.338958203792572 0.01478071790188551 0.042554568499326706
3 0.19017446041107178 0.15051408112049103 0.02894044853746891 0.03471268713474274
6 0.29541686177253723 0.3237070143222809 0.05159779638051987 0.045825015753507614
