3 0.7770278453826904 0.39922329783439636 0.08432276546955109 0.06337440013885498
3 0.6919041275978088 0.7075408697128296 0.10417602211236954 0.15208959579467773
3 0.5400370955467224 0.591390073299408 0.07422076910734177 0.11457511782646179
3 0.4046303629875183 0.4460740089416504 0.06081271544098854 0.08910231292247772
3 0.3670308291912079 0.3709375560283661 0.05242015793919563 0.0722769945859909
3 0.43931517004966736 0.268362820148468 0.04247225821018219 0.05359603092074394
3 0.4148625135421753 0.33089685440063477 0.04585486277937889 0.0614759661257267
3 0.7631896138191223 0.5552628040313721 0.08814966678619385 0.10256475955247879
3 0.46278584003448486 0.4192999601364136 0.05470742657780647 0.08082730323076248
3 0.2941926121711731 0.34013721346855164 0.04001927003264427 0.07938180863857269
3 0.9012571573257446 0.4075844883918762 0.0824720486998558 0.06184624880552292
3 0.3730219602584839 0.23274189233779907 0.03196563944220543 0.04700309410691261
3 0.08637787401676178 0.40763339400291443 0.08773328363895416 0.0664074495434761
3 0.38371339440345764 0.1635327935218811 0.027812285348773003 0.040456775575876236
3 0.3406478464603424 0.15737563371658325 0.02546665072441101 0.037309058010578156
3 0.2623817026615143 0.15568795800209045 0.02126132696866989 0.040316782891750336
3 0.34101176261901855 0.11503079533576965 0.022502271458506584 0.03136289492249489
8 0.3328070640563965 0.28446826338768005 0.0390685610473156 0.12354060262441635
3 0.2738904356956482 0.10649169236421585 0.0219268798828125 0.03625313937664032
3 0.26165229082107544 0.06357835978269577 0.018096834421157837 0.02625986374914646
3 0.19239284098148346 0.35939502716064453 0.08432212471961975 0.07090117037296295
3 0.24465776979923248 0.01389846857637167 0.014570191502571106 0.021346917375922203
1 0.27818503975868225 0.5434788465499878 0.015625763684511185 0.055788688361644745
3 0.5368008017539978 0.2794381082057953 0.05343659594655037 0.05279870331287384
