4 0.48184263706207275 0.32560640573501587 0.048939693719148636 0.07654774188995361
3 0.4068533182144165 0.5940120816230774 0.06680964678525925 0.13408103585243225
3 0.5182746052742004 0.568702757358551 0.06213477626442909 0.11678068339824677
3 0.0943727195262909 0.32029736042022705 0.03783154860138893 0.0623931884765625
3 0.3082188367843628 0.2498432844877243 0.03716655075550079 0.06545665860176086
3 0.23289507627487183 0.08811581879854202 0.026736248284578323 0.042466841638088226
3 0.3030197322368622 0.09272552281618118 0.029251592233777046 0.040777165442705154
0 0.16516216099262238 0.6242544054985046 0.014581579715013504 0.06812868267297745
3 0.09053526073694229 0.19464421272277832 0.03176436945796013 0.05804714933037758
0 0.6118592023849487 0.3962913751602173 0.012108118273317814 0.05521775037050247
