3 0.2921523451805115 0.6230559349060059 0.01773838698863983 0.06634613126516342
3 0.4830695390701294 0.9411763548851013 0.016971902921795845 0.06480777263641357
3 0.5198747515678406 0.9444257020950317 0.03626462072134018 0.05851859599351883
3 0.44222480058670044 0.757129430770874 0.016907725483179092 0.07046066224575043
3 0.9622749090194702 0.32563406229019165 0.04278196394443512 0.032069068402051926
3 0.4389616549015045 0.2452537715435028 0.018122684210538864 0.06830165535211563
3 0.2623743414878845 0.8425203561782837 0.0188082754611969 0.07351768761873245
3 0.30313172936439514 0.17087168991565704 0.017130840569734573 0.06352933496236801
3 0.2894575297832489 0.7018946409225464 0.01660553552210331 0.06043533980846405
3 0.4294610023498535 0.4951733648777008 0.015603278763592243 0.06534779071807861
3 0.5356107950210571 0.3249996602535248 0.016304779797792435 0.06567315012216568
3 0.9595909714698792 0.448044091463089 0.04177093505859375 0.034853190183639526
3 0.39783892035484314 0.22501640021800995 0.017275776714086533 0.06050042062997818
3 0.4935050308704376 0.7458652853965759 0.020298229530453682 0.06864285469055176
3 0.4443439841270447 0.9114434123039246 0.01678314246237278 0.07198111712932587
3 0.23129789531230927 0.3572355806827545 0.03686341643333435 0.03098188526928425
3 0.41181936860084534 0.31385719776153564 0.015058315359055996 0.06424856185913086
3 0.4750465452671051 0.2581874430179596 0.01550903357565403 0.061778269708156586
3 0.476237952709198 0.5872679948806763 0.015721803531050682 0.06405404210090637
3 0.35773786902427673 0.32878702878952026 0.01673126220703125 0.06520164757966995
3 0.5684919357299805 0.8827273845672607 0.03988001123070717 0.03062034212052822
3 0.30152010917663574 0.3227514624595642 0.016251374036073685 0.05972705036401749
3 0.9354689717292786 0.21833038330078125 0.034844253212213516 0.03102891892194748
3 0.2989950478076935 0.2545190155506134 0.016392944380640984 0.0670270174741745
3 0.5374297499656677 0.24453480541706085 0.017036348581314087 0.06635063886642456
3 0.2938006818294525 0.530296802520752 0.019039379432797432 0.07644043117761612
3 0.4243026673793793 0.8566736578941345 0.017253471538424492 0.06687753647565842
3 0.9596413969993591 0.40945911407470703 0.03712956979870796 0.03268229216337204
3 0.47440850734710693 0.399935781955719 0.01453305408358574 0.0692364051938057
3 0.5179280042648315 0.6500898599624634 0.028803613036870956 0.028056666254997253
3 0.5161577463150024 0.7460141181945801 0.0160518866032362 0.060573287308216095
3 0.005325155798345804 0.437124639749527 0.01062887255102396 0.03525857627391815
9 0.37914708256721497 0.3183361291885376 0.009673220105469227 0.03368895500898361
3 0.029663361608982086 0.6593034863471985 0.018989551812410355 0.07153169065713882
3 0.5551584959030151 0.8308436274528503 0.035268671810626984 0.029119355604052544
3 0.559288501739502 0.6354551911354065 0.033809661865234375 0.029461152851581573
9 0.5191483497619629 0.04259901121258736 0.008029713295400143 0.027130255475640297
3 0.7306552529335022 0.5859045386314392 0.04309140518307686 0.030951406806707382
