3 0.5349799990653992 0.8810566067695618 0.10785423964262009 0.23788687586784363
3 0.2844512164592743 0.6537470817565918 0.0893692895770073 0.21336817741394043
3 0.47661134600639343 0.5179557800292969 0.06625787913799286 0.15240395069122314
3 0.5507674217224121 0.3061494529247284 0.051637448370456696 0.09101038426160812
3 0.92913818359375 0.49711284041404724 0.1412041187286377 0.10894723981618881
3 0.9290596842765808 0.5909302234649658 0.14133606851100922 0.12249492853879929
3 0.4495721757411957 0.10833811014890671 0.030834782868623734 0.05507832020521164
3 0.47398439049720764 0.2575267255306244 0.041840363293886185 0.0793423131108284
0 0.021034000441432 0.26966771483421326 0.020246876403689384 0.0672995001077652
0 0.2260676920413971 0.20083893835544586 0.015893645584583282 0.0644611045718193
1 0.5305594205856323 0.1681673377752304 0.011852444149553776 0.04531344026327133
0 0.14614830911159515 0.23204486072063446 0.014102756977081299 0.06440607458353043
3 0.5702245235443115 0.08420421183109283 0.030379844829440117 0.056150395423173904
0 0.7260563969612122 0.22349418699741364 0.014004740864038467 0.05994101241230965
9 0.5299077033996582 0.1841593086719513 0.012782467529177666 0.04264450818300247
