3 0.5258792042732239 0.9042019844055176 0.10796612501144409 0.1915961354970932
3 0.5313652157783508 0.5206130146980286 0.059993162751197815 0.1046883836388588
3 0.33322370052337646 0.6356188058853149 0.0974702537059784 0.1431122124195099
3 0.46441158652305603 0.4379233419895172 0.06277201324701309 0.09929370880126953
3 0.31557977199554443 0.5460066199302673 0.08726988732814789 0.12348565459251404
3 0.43013983964920044 0.3620327115058899 0.05206397548317909 0.08019289374351501
3 0.6451768279075623 0.36233749985694885 0.05042078346014023 0.06424476951360703
3 0.5229730010032654 0.31181666254997253 0.04839477688074112 0.07069175690412521
3 0.6451638340950012 0.2371312826871872 0.036413755267858505 0.05341348424553871
3 0.6878483891487122 0.14741173386573792 0.034850310534238815 0.043917588889598846
3 0.5047497749328613 0.20431563258171082 0.04679148271679878 0.06717763096094131
3 0.596483051776886 0.10123443603515625 0.02626131847500801 0.03732816502451897
3 0.6556119918823242 0.11143136024475098 0.048687923699617386 0.03734787181019783
3 0.4893984794616699 0.2950076758861542 0.035608675330877304 0.06951014697551727
0 0.20537658035755157 0.5150833129882812 0.01909787766635418 0.07403309643268585
4 0.5697746276855469 0.2196895033121109 0.03872779384255409 0.07003064453601837
3 0.6454262733459473 0.0422414168715477 0.025391612201929092 0.03148248419165611
3 0.6100388765335083 0.07471897453069687 0.03363934904336929 0.039645176380872726
3 0.7160285115242004 0.06058477610349655 0.02067108266055584 0.042407091706991196
3 0.5615160465240479 0.12475612014532089 0.027882296591997147 0.04403195157647133
3 0.6594910025596619 0.02584316022694111 0.02003972791135311 0.029433632269501686
3 0.7480767965316772 0.10654960572719574 0.024706223979592323 0.03760651499032974
