3 0.45208740234375 0.8704001307487488 0.13011501729488373 0.2290869653224945
3 0.2357858568429947 0.5695444941520691 0.07786194235086441 0.127945214509964
3 0.35560083389282227 0.4838418960571289 0.057721126824617386 0.10409103333950043
3 0.2832911014556885 0.45012712478637695 0.06213073804974556 0.09892510622739792
3 0.37794041633605957 0.40280038118362427 0.04820260405540466 0.07655201107263565
3 0.4771520793437958 0.3889559507369995 0.03913385793566704 0.06354948878288269
3 0.9597055315971375 0.7424634099006653 0.0805889368057251 0.1624084860086441
3 0.5616355538368225 0.32824161648750305 0.03524376451969147 0.058573007583618164
0 0.5869342088699341 0.8145341873168945 0.023055536672472954 0.09875384718179703
3 0.7905756235122681 0.5916615128517151 0.08013337105512619 0.14795149862766266
4 0.04834612086415291 0.34698793292045593 0.09259308129549026 0.07778944820165634
3 0.6855398416519165 0.2644052505493164 0.06262215971946716 0.039270538836717606
3 0.5728899836540222 0.26640424132347107 0.059121884405612946 0.041801463812589645
3 0.2584487795829773 0.1687430590391159 0.03210758790373802 0.029505571350455284
3 0.7193198204040527 0.4515704810619354 0.1247396171092987 0.09490237385034561
3 0.36953413486480713 0.19611366093158722 0.032770246267318726 0.032179269939661026
0 0.5650687217712402 0.7783098220825195 0.025242077186703682 0.1378851979970932
3 0.3083069920539856 0.27891549468040466 0.039573490619659424 0.05499869957566261
3 0.5371723771095276 0.2349257618188858 0.026556622236967087 0.039462361484766006
0 0.23128663003444672 0.24099498987197876 0.008810559287667274 0.040831126272678375
3 0.30327001214027405 0.23738697171211243 0.05584258958697319 0.04335048049688339
3 0.6460835933685303 0.38115084171295166 0.09607620537281036 0.06754473596811295
3 0.09268317371606827 0.3253210484981537 0.0747077539563179 0.05721479654312134
3 0.4079877734184265 0.13741067051887512 0.019751066341996193 0.024048270657658577
3 0.30711671710014343 0.19787989556789398 0.04783697798848152 0.036607712507247925
3 0.017839260399341583 0.3750321567058563 0.035678520798683167 0.06124303489923477
1 0.4914080500602722 0.5392379760742188 0.02013464644551277 0.07200995832681656
3 0.644287645816803 0.36886394023895264 0.09712125360965729 0.06225993111729622
3 0.6728219985961914 0.23997296392917633 0.06347180902957916 0.042638443410396576
3 0.15570183098316193 0.27661409974098206 0.06437970697879791 0.04582982510328293
3 0.11275854706764221 0.2985837459564209 0.06729533523321152 0.05072089284658432
