3 0.7040845155715942 0.874308705329895 0.17523601651191711 0.1955323964357376
3 0.8421090841293335 0.8519969582557678 0.17694854736328125 0.17927023768424988
3 0.4428584575653076 0.6548798680305481 0.11217844486236572 0.11890414357185364
3 0.5421446561813354 0.6161119937896729 0.11155691742897034 0.11308546364307404
3 0.3366721570491791 0.4731490910053253 0.09218835085630417 0.0884556993842125
3 0.6698561906814575 0.34991487860679626 0.03921257704496384 0.060198117047548294
3 0.7256802320480347 0.3217976689338684 0.06587713211774826 0.05550036579370499
3 0.1623377501964569 0.17742399871349335 0.047827597707509995 0.04093772545456886
3 0.18089525401592255 0.3017634153366089 0.08053220808506012 0.052200280129909515
3 0.7494354248046875 0.38988134264945984 0.06326204538345337 0.057518456131219864
3 0.017627807334065437 0.453960120677948 0.035141441971063614 0.08781694620847702
9 0.058204006403684616 0.6477042436599731 0.052485398948192596 0.05724164471030235
3 0.07369310408830643 0.15235726535320282 0.04141200706362724 0.03858766332268715
3 0.7804843783378601 0.22392761707305908 0.03786010667681694 0.043094392865896225
3 0.7963274121284485 0.4284110367298126 0.056930363178253174 0.07454215735197067
3 0.7160555720329285 0.2937792241573334 0.06846847385168076 0.04622918739914894
6 0.06938274949789047 0.907337486743927 0.13876549899578094 0.18532508611679077
0 0.3778228759765625 0.3276149332523346 0.010335944592952728 0.050648968666791916
3 0.9230020046234131 0.17679756879806519 0.04554326832294464 0.03249448165297508
3 0.652219295501709 0.13323038816452026 0.02933417074382305 0.024685708805918694
3 0.8924258947372437 0.2026519477367401 0.05764465406537056 0.04521935433149338
9 0.6805068850517273 0.5463701486587524 0.035583317279815674 0.04758249223232269
4 0.9255305528640747 0.5742214918136597 0.10299377888441086 0.12189950048923492
0 0.7616257667541504 0.4639465808868408 0.012516515329480171 0.05900895223021507
0 0.7974166870117188 0.2672331929206848 0.010022690519690514 0.043159496039152145
0 0.832683801651001 0.3569413423538208 0.013926338404417038 0.05508821830153465
0 0.8518845438957214 0.36500421166419983 0.010846126824617386 0.050040412694215775
3 0.9456169605255127 0.14979708194732666 0.043513309210538864 0.031018326058983803
4 0.22051607072353363 0.17726847529411316 0.036365848034620285 0.051721710711717606
1 0.057478439062833786 0.6328144669532776 0.020507600158452988 0.06458469480276108
1 0.6893925666809082 0.5324150919914246 0.015574241988360882 0.0597396157681942
3 0.8218696117401123 0.1897553950548172 0.02579408511519432 0.04066606983542442
3 0.9525012969970703 0.13445529341697693 0.04125402122735977 0.03063349612057209
3 0.6133397221565247 0.1636994630098343 0.034861575812101364 0.03277790546417236
