3 0.36692970991134644 0.8393282294273376 0.08452370762825012 0.23609387874603271
3 0.30526620149612427 0.5668274164199829 0.077916719019413 0.17074398696422577
3 0.949225127696991 0.6901715397834778 0.10149230808019638 0.10620855540037155
3 0.49466758966445923 0.49585241079330444 0.06529177725315094 0.13205447793006897
3 0.46520495414733887 0.1555004119873047 0.029675517231225967 0.0644698217511177
3 0.19240139424800873 0.9526272416114807 0.09469468891620636 0.09395409375429153
3 0.9116966724395752 0.9503599405288696 0.16842858493328094 0.09494118392467499
0 0.8769435286521912 0.3638727068901062 0.018563484773039818 0.059164609760046005
3 0.45702189207077026 0.2875264883041382 0.03643026947975159 0.07959575206041336
9 0.7267436385154724 0.4527561366558075 0.036425020545721054 0.03991172835230827
3 0.9842076301574707 0.812629759311676 0.03136596828699112 0.11554290354251862
3 0.5260145664215088 0.08311039954423904 0.024883270263671875 0.04897686094045639
0 0.2391422837972641 0.30420705676078796 0.014145930297672749 0.0578983910381794
1 0.7327641844749451 0.43757349252700806 0.01726074330508709 0.04943149536848068
