3 0.5644064545631409 0.41908276081085205 0.06574639678001404 0.1443820595741272
3 0.41967907547950745 0.4183875620365143 0.06907707452774048 0.16000670194625854
3 0.4088052213191986 0.11926663666963577 0.04075833410024643 0.08622661978006363
3 0.450048565864563 0.22494211792945862 0.047142792493104935 0.09795159846544266
3 0.5411757826805115 0.05774511396884918 0.03274168074131012 0.06043984740972519
3 0.29907968640327454 0.08652972429990768 0.08075438439846039 0.06472165882587433
3 0.9215859770774841 0.5656452775001526 0.154673770070076 0.17792275547981262
0 0.9849137663841248 0.9413328766822815 0.029052196070551872 0.10058761388063431
3 0.07934267818927765 0.6278043985366821 0.0955013632774353 0.1470687985420227
9 0.6520804166793823 0.27140069007873535 0.01958313025534153 0.05563049390912056
0 0.013756200671195984 0.8673216700553894 0.027512401342391968 0.12070488184690475
6 0.3523591458797455 0.1750776171684265 0.03971950337290764 0.08679116517305374
6 0.33426633477211 0.28091123700141907 0.045794498175382614 0.1149073988199234
3 0.7798683047294617 0.3122861385345459 0.0954040065407753 0.09917984157800674
3 0.1999637484550476 0.30164533853530884 0.11916033178567886 0.12397295981645584
9 0.34418535232543945 0.4044815003871918 0.023000426590442657 0.08688051253557205
