3 0.027153337374329567 0.24729228019714355 0.03305559232831001 0.049283914268016815
3 0.5335845947265625 0.1810293048620224 0.0394689217209816 0.03761843219399452
3 0.15460431575775146 0.10596000403165817 0.01714816316962242 0.027775892987847328
3 0.4643988311290741 0.15115757286548615 0.030103975906968117 0.03257366642355919
3 0.13877521455287933 0.20557910203933716 0.027080154046416283 0.03910057991743088
3 0.2807890474796295 0.08610507100820541 0.019578799605369568 0.02479977160692215
3 0.31440913677215576 0.1323477029800415 0.021889114752411842 0.0290589090436697
0 0.35988742113113403 0.7221745848655701 0.024217898026108742 0.0956222265958786
3 0.8356321454048157 0.23727333545684814 0.05241241678595543 0.04272961616516113
3 0.8951882123947144 0.40371614694595337 0.04293518140912056 0.06631996482610703
0 0.45312780141830444 0.7470556497573853 0.02698727883398533 0.09388172626495361
0 0.06522120535373688 0.13953299820423126 0.007142830174416304 0.03189200535416603
0 0.1213909164071083 0.9606003761291504 0.02346707507967949 0.07879941910505295
3 0.7756877541542053 0.25096479058265686 0.0582495741546154 0.04951387271285057
1 0.1194896474480629 0.4840359389781952 0.01580371893942356 0.05159202218055725
1 0.6032888293266296 0.2497238665819168 0.010689634829759598 0.037428293377161026
9 0.4025609791278839 0.25520744919776917 0.02388579398393631 0.03237973153591156
3 0.8007779717445374 0.2662524878978729 0.056207455694675446 0.04374295845627785
3 0.13256429135799408 0.10498879849910736 0.02040557935833931 0.03141471743583679
1 0.2816249430179596 0.6660218834877014 0.020518314093351364 0.07156727463006973
3 0.021405432373285294 0.13380253314971924 0.022607346996665 0.03184336796402931
3 0.885793924331665 0.23533190786838531 0.04260218143463135 0.04178355261683464
1 0.0816284641623497 0.7451621294021606 0.0198210496455431 0.07116731256246567
2 0.8470705151557922 0.6256975531578064 0.04804759472608566 0.053766269236803055
3 0.09126207232475281 0.14533814787864685 0.024142401292920113 0.030779870226979256
3 0.581514835357666 0.186237171292305 0.03272893652319908 0.04529401287436485
