3 0.5304152369499207 0.6926553249359131 0.040876951068639755 0.09204596281051636
3 0.033487025648355484 0.8092721104621887 0.06697405129671097 0.14170074462890625
3 0.08250661939382553 0.4356241226196289 0.06890169531106949 0.05184394121170044
3 0.4715481996536255 0.4189622104167938 0.027282536029815674 0.04922010749578476
3 0.2991670072078705 0.5288090705871582 0.05792083963751793 0.06708629429340363
3 0.4452126920223236 0.6628748774528503 0.04222327098250389 0.09645494073629379
4 0.5147983431816101 0.5935888290405273 0.029474640265107155 0.07681681215763092
3 0.47889789938926697 0.2961660325527191 0.01779937744140625 0.032254789024591446
3 0.44864964485168457 0.24500161409378052 0.01604066789150238 0.02649536170065403
3 0.02110595442354679 0.33463603258132935 0.041783932596445084 0.03952331840991974
3 0.47676965594291687 0.36277860403060913 0.02228487841784954 0.04105571657419205
3 0.3155919015407562 0.2932969033718109 0.022499892860651016 0.03085440956056118
3 0.45772460103034973 0.17914576828479767 0.012191593647003174 0.020583847537636757
9 0.08220729231834412 0.7053232192993164 0.029286261647939682 0.06533610075712204
3 0.7967208027839661 0.4725784361362457 0.0623193196952343 0.04846055805683136
3 0.45949986577033997 0.15629862248897552 0.011422236450016499 0.018986422568559647
1 0.5730454325675964 0.8473984003067017 0.01591585949063301 0.05031945928931236
3 0.4292171895503998 0.17038097977638245 0.011743927374482155 0.01974787563085556
