3 0.4603573977947235 0.7341229319572449 0.11118123680353165 0.12079296261072159
3 0.4486042857170105 0.6044849753379822 0.09686993062496185 0.10313721001148224
3 0.27230170369148254 0.5816749930381775 0.094964399933815 0.0987887978553772
3 0.5745332837104797 0.4677235186100006 0.07469558715820312 0.075347900390625
3 0.6958028078079224 0.4516126215457916 0.045063961297273636 0.08025293797254562
3 0.6087831258773804 0.2723778784275055 0.045576296746730804 0.06736661493778229
3 0.7169439792633057 0.3138867914676666 0.040524113923311234 0.056004881858825684
3 0.12317193299531937 0.1673693209886551 0.042777691036462784 0.050578828901052475
3 0.650344967842102 0.29628586769104004 0.04211452975869179 0.05992266163229942
3 0.7713203430175781 0.0915108397603035 0.022445499897003174 0.036231525242328644
3 0.6470565795898438 0.22560560703277588 0.03863525390625 0.05200103670358658
0 0.782177209854126 0.6725262403488159 0.016613321378827095 0.06049773097038269
0 0.9845582246780396 0.5668238401412964 0.019607724621891975 0.05664605274796486
9 0.6978475451469421 0.7008211612701416 0.03689023107290268 0.047455113381147385
3 0.7458112835884094 0.134743332862854 0.029897937551140785 0.04300113394856453
3 0.8396396636962891 0.043912921100854874 0.01978490501642227 0.027606962248682976
3 0.7279806137084961 0.17138983309268951 0.030818939208984375 0.04324841499328613
3 0.7568994760513306 0.03541797772049904 0.022922920063138008 0.028969036415219307
3 0.7081698179244995 0.2034451812505722 0.028496192768216133 0.045374732464551926
0 0.7634685039520264 0.6612416505813599 0.016687102615833282 0.06895186007022858
3 0.8633008599281311 0.019571542739868164 0.028008494526147842 0.027342287823557854
1 0.4939868748188019 0.4502086639404297 0.013627310283482075 0.047591984272003174
3 0.6831190586090088 0.24365949630737305 0.038063228130340576 0.06141006574034691
0 0.6162746548652649 0.20760905742645264 0.007797375787049532 0.02954700030386448
1 0.7043786644935608 0.6851057410240173 0.017881954088807106 0.05209805443882942
