3 0.4934803247451782 0.2332785278558731 0.01682586781680584 0.05924154072999954
3 0.527641236782074 0.2369820922613144 0.03446054086089134 0.05254151672124863
3 0.2893787622451782 0.1380961388349533 0.016841620206832886 0.06307367235422134
3 0.5480886101722717 0.8975251317024231 0.034381598234176636 0.0602688267827034
3 0.2726168930530548 0.316996693611145 0.0169467031955719 0.060349609702825546
3 0.43880635499954224 0.709495484828949 0.016137605533003807 0.06406840682029724
3 0.3136674463748932 0.02285478450357914 0.014235978946089745 0.045620620250701904
3 0.43734803795814514 0.3531773090362549 0.017321597784757614 0.06655287742614746
3 0.5471197962760925 0.722119152545929 0.017289195209741592 0.0685708075761795
3 0.5619713664054871 0.13321416079998016 0.035510435700416565 0.029940657317638397
3 0.44491931796073914 0.8150904774665833 0.017332280054688454 0.07265082746744156
3 0.46268779039382935 0.6110117435455322 0.01600247621536255 0.06766585260629654
3 0.9176186919212341 0.9128133654594421 0.018793892115354538 0.06761881709098816
3 0.2987685799598694 0.815875232219696 0.01784057728946209 0.07023008167743683
3 0.4851170480251312 0.42485615611076355 0.016358857974410057 0.06755295395851135
3 0.43777981400489807 0.5132315754890442 0.015644656494259834 0.06739873439073563
3 0.47460561990737915 0.24246348440647125 0.016604255884885788 0.06410199403762817
3 0.5402026772499084 0.29281163215637207 0.03862695023417473 0.03767738118767738
3 0.5038126111030579 0.06654203683137894 0.019859494641423225 0.06108961999416351
3 0.5738580226898193 0.18244832754135132 0.03758325055241585 0.031003477051854134
4 0.4019964933395386 0.9510595798492432 0.018603380769491196 0.0821928158402443
4 0.2854791581630707 0.9329055547714233 0.03184762969613075 0.0594625249505043
3 0.5531868934631348 0.43566176295280457 0.01863376423716545 0.06473967432975769
4 0.5359458327293396 0.5196477770805359 0.017837345600128174 0.0656241625547409
3 0.5246809124946594 0.06565248966217041 0.01345901470631361 0.05068313330411911
3 0.37191951274871826 0.9808038473129272 0.01667478308081627 0.03839223086833954
3 0.06120433285832405 0.2505948841571808 0.034955453127622604 0.03213873878121376
3 0.35423675179481506 0.47851821780204773 0.018682435154914856 0.0573597252368927
3 0.2585297226905823 0.8206086754798889 0.018412310630083084 0.05982315167784691
