3 0.7867248058319092 0.9064575433731079 0.17236727476119995 0.18501344323158264
3 0.7918720841407776 0.7359887361526489 0.11426028609275818 0.14407959580421448
3 0.6894465684890747 0.3149404227733612 0.0506114736199379 0.05455755442380905
3 0.9219030141830444 0.4048318862915039 0.10029557347297668 0.06432650983333588
0 0.3803485333919525 0.7221824526786804 0.02018735557794571 0.10803557932376862
3 0.46558263897895813 0.17589020729064941 0.01958523876965046 0.026642564684152603
1 0.18830685317516327 0.2778317928314209 0.011506607756018639 0.03586942330002785
3 0.4139574468135834 0.30774325132369995 0.03353549912571907 0.059586670249700546
3 0.9421718716621399 0.29620543122291565 0.06615636497735977 0.04662390053272247
1 0.26520588994026184 0.5946824550628662 0.024730592966079712 0.07799399644136429
1 0.3262476921081543 0.32130056619644165 0.010342699475586414 0.037255123257637024
3 0.41570624709129333 0.112644262611866 0.012723900377750397 0.024001317098736763
3 0.2781599760055542 0.1702694594860077 0.020934004336595535 0.03003528155386448
2 0.26515358686447144 0.6288131475448608 0.02867893874645233 0.08330166339874268
1 0.21773110330104828 0.27367135882377625 0.01121781300753355 0.03728815168142319
9 0.6309698224067688 0.6679995059967041 0.0381348542869091 0.08862883597612381
3 0.5881751179695129 0.20310258865356445 0.027251210063695908 0.033636175096035004
