3 0.32838964462280273 0.4962979257106781 0.10437443107366562 0.15799273550510406
2 0.6611320376396179 0.649806797504425 0.026699919253587723 0.10275380313396454
3 0.6200757026672363 0.10287407785654068 0.024633968248963356 0.038416165858507156
4 0.46419668197631836 0.16848304867744446 0.04107414931058884 0.06931936740875244
3 0.8003990650177002 0.22718273103237152 0.0948309525847435 0.06909000128507614
3 0.5910832285881042 0.1332908272743225 0.027976227924227715 0.055226556956768036
4 0.044632308185100555 0.05142122134566307 0.06411075592041016 0.045511480420827866
3 0.06509721279144287 0.1762351542711258 0.06764969974756241 0.061304811388254166
3 0.1080455556511879 0.1806374043226242 0.07425388693809509 0.058666784316301346
1 0.2820777893066406 0.6371905207633972 0.03002750314772129 0.09579332172870636
3 0.14569935202598572 0.07987416535615921 0.0498894639313221 0.03881509602069855
3 0.23562879860401154 0.12443417310714722 0.04463712126016617 0.0533546507358551
3 0.5632075667381287 0.27742233872413635 0.04826700687408447 0.08992200344800949
2 0.28786540031433105 0.6747159957885742 0.049760907888412476 0.09008095413446426
9 0.028691207990050316 0.6307504773139954 0.05399610847234726 0.09546289592981339
