3 0.5541146397590637 0.8789286017417908 0.09236962348222733 0.13856904208660126
3 0.43690225481987 0.4781865179538727 0.06671600788831711 0.05357837677001953
3 0.23885835707187653 0.6471725106239319 0.0466468371450901 0.08669473975896835
3 0.18430151045322418 0.4959924519062042 0.033721935003995895 0.05928296968340874
3 0.1676667034626007 0.42566749453544617 0.030375951901078224 0.0546875
3 0.14142367243766785 0.3503172695636749 0.027996400371193886 0.047818075865507126
3 0.33534613251686096 0.2885931432247162 0.017242252826690674 0.0328097864985466
3 0.7723270058631897 0.36243465542793274 0.042905472218990326 0.03432030975818634
3 0.9178149104118347 0.4049379825592041 0.04378814622759819 0.03649359941482544
3 0.8177974820137024 0.3509623408317566 0.03617158904671669 0.02690022811293602
8 0.015530463308095932 0.38780543208122253 0.031060926616191864 0.09323136508464813
3 0.4193038046360016 0.5334457755088806 0.04429016262292862 0.05636979639530182
3 0.18571621179580688 0.36016055941581726 0.030105412006378174 0.051815539598464966
3 0.12544971704483032 0.29898568987846375 0.02428150177001953 0.03844401240348816
3 0.012650084681808949 0.27597975730895996 0.02176453359425068 0.039220333099365234
3 0.22836503386497498 0.4187528192996979 0.04368981719017029 0.06050937622785568
