3 0.6586230993270874 0.6403570771217346 0.1302255541086197 0.14969375729560852
3 0.5822358727455139 0.32067519426345825 0.05722638592123985 0.09873689711093903
3 0.5473751425743103 0.18953658640384674 0.04164182022213936 0.07449891418218613
3 0.5049594640731812 0.07275206595659256 0.03336087614297867 0.05893417075276375
0 0.631920337677002 0.31732723116874695 0.014542209915816784 0.06525061279535294
2 0.12332966178655624 0.6679012179374695 0.042862825095653534 0.04746776074171066
3 0.5002409219741821 0.1392463743686676 0.034734345972537994 0.07496067136526108
9 0.8031294941902161 0.6910916566848755 0.05556550994515419 0.06446158140897751
9 0.7302085757255554 0.9031345844268799 0.03521863371133804 0.10889693349599838
3 0.36210155487060547 0.03284762427210808 0.03734081611037254 0.06355206668376923
1 0.5055303573608398 0.2489270269870758 0.013940833508968353 0.046492014080286026
9 0.5201873779296875 0.4302813410758972 0.016659187152981758 0.05909100919961929
9 0.5053505301475525 0.26316455006599426 0.013964664191007614 0.04191276431083679
1 0.5342859029769897 0.3620058000087738 0.016199897974729538 0.057847585529088974
