3 0.2742004990577698 0.30121079087257385 0.03933926671743393 0.07632512599229813
3 0.41530099511146545 0.8463136553764343 0.08665904402732849 0.20033502578735352
3 0.24645103514194489 0.21150976419448853 0.029132282361388206 0.05135799199342728
3 0.7378606796264648 0.39592278003692627 0.07846473157405853 0.06333518773317337
3 0.21876436471939087 0.13112130761146545 0.024159330874681473 0.04140250012278557
3 0.29275211691856384 0.10299922525882721 0.019657516852021217 0.03373552858829498
3 0.03325705975294113 0.46916529536247253 0.06651411950588226 0.07217288017272949
3 0.433397114276886 0.2621817886829376 0.05567685514688492 0.05165591090917587
3 0.1950792670249939 0.02003377303481102 0.018329912796616554 0.03027760237455368
3 0.20451395213603973 0.06777246296405792 0.022003555670380592 0.03239816054701805
9 0.1859133541584015 0.474934458732605 0.03201315179467201 0.044475723057985306
3 0.2379440814256668 0.060037970542907715 0.02009524218738079 0.03417070955038071
1 0.21515099704265594 0.30515116453170776 0.011507258750498295 0.04193340614438057
3 0.15868961811065674 0.10825049877166748 0.023690268397331238 0.04419077932834625
9 0.5383286476135254 0.45524224638938904 0.030806148424744606 0.03407477214932442
9 0.20219053328037262 0.8272013664245605 0.05153846740722656 0.06116839870810509
3 0.985717236995697 0.29831913113594055 0.02845647558569908 0.0517745278775692
9 0.5709020495414734 0.49658045172691345 0.028646446764469147 0.04121209681034088
