3 0.6738150119781494 0.9297634959220886 0.104985810816288 0.14047309756278992
3 0.7940966486930847 0.4142471253871918 0.068972148001194 0.05913780257105827
3 0.559316098690033 0.457878977060318 0.0727570503950119 0.061505887657403946
3 0.3855159282684326 0.513498067855835 0.08461038768291473 0.06933171302080154
3 0.8705868124961853 0.3826742470264435 0.06377177685499191 0.05054660513997078
3 0.4500996768474579 0.44402965903282166 0.07715606689453125 0.05984529107809067
3 0.23703210055828094 0.5095416903495789 0.0987880602478981 0.06793304532766342
3 0.6720385551452637 0.4103720784187317 0.06977597624063492 0.05219539254903793
3 0.1767570972442627 0.4782900810241699 0.08133653551340103 0.05981944128870964
3 0.757279098033905 0.3556540906429291 0.05836733803153038 0.048753347247838974
3 0.9416049718856812 0.4935154616832733 0.05825841799378395 0.06684394925832748
3 0.7842440605163574 0.29592907428741455 0.06036036089062691 0.03696518391370773
8 0.9317754507064819 0.28876224160194397 0.11182709038257599 0.08818548917770386
3 0.6666107177734375 0.37490230798721313 0.06652186065912247 0.04416719451546669
3 0.650757908821106 0.2868283689022064 0.05967286229133606 0.046719860285520554
3 0.745500385761261 0.9060295224189758 0.094485342502594 0.1498066931962967
3 0.9812442660331726 0.4006252884864807 0.03750951588153839 0.051147304475307465
3 0.8929203152656555 0.25670039653778076 0.05364415794610977 0.03911852836608887
3 0.5389664769172668 0.40431419014930725 0.059689152985811234 0.0595199316740036
3 0.21462972462177277 0.015328784473240376 0.014658737927675247 0.02589953877031803
3 0.4234657287597656 0.02037580870091915 0.01609191857278347 0.02720855176448822
