3 0.29104122519493103 0.5414251685142517 0.02814183011651039 0.04604237154126167
3 0.5109416246414185 0.7280757427215576 0.0351085439324379 0.06580204516649246
3 0.4387902617454529 0.4675905704498291 0.016683287918567657 0.027399878948926926
3 0.4424355626106262 0.41706711053848267 0.01397705078125 0.0208369642496109
3 0.4866238832473755 0.5590119361877441 0.02148495800793171 0.040875643491744995
3 0.42949602007865906 0.6357216835021973 0.02704315260052681 0.06156931445002556
3 0.49520525336265564 0.48077669739723206 0.01661165989935398 0.0311005637049675
3 0.14015091955661774 0.7532126903533936 0.07710527628660202 0.06067405268549919
3 0.6855912208557129 0.4444897770881653 0.01585235632956028 0.01860690675675869
1 0.3640473783016205 0.6529700756072998 0.009470255114138126 0.029163116589188576
9 0.3507785499095917 0.7256494164466858 0.012025833129882812 0.040823664516210556
9 0.6222793459892273 0.9754932522773743 0.014880730770528316 0.04849933460354805
