3 0.6410634517669678 0.5552059412002563 0.10063104331493378 0.1967395693063736
3 0.5148897171020508 0.655465841293335 0.09442825615406036 0.22715115547180176
3 0.8427091836929321 0.32922422885894775 0.08710246533155441 0.1611158698797226
4 0.06756868213415146 0.08760019391775131 0.10441920906305313 0.08449587970972061
3 0.02877218648791313 0.11898508667945862 0.05754437297582626 0.08280374854803085
3 0.7628475427627563 0.19414104521274567 0.11834357678890228 0.09884487092494965
3 0.5939909815788269 0.06312377005815506 0.03975345566868782 0.06665501743555069
3 0.6855162978172302 0.1065463051199913 0.10537872463464737 0.08678054809570312
3 0.827148973941803 0.09496386349201202 0.07591821998357773 0.08670154958963394
3 0.9518610239028931 0.37634626030921936 0.09595220535993576 0.12873448431491852
3 0.6795932054519653 0.095934197306633 0.09963195025920868 0.06765390932559967
0 0.9487976431846619 0.4622707962989807 0.032535869628190994 0.10615202784538269
