3 0.3279630243778229 0.6839784383773804 0.051201630383729935 0.10062731057405472
3 0.5075975656509399 0.41548746824264526 0.022692197933793068 0.03209049254655838
3 0.37747475504875183 0.408625990152359 0.024285798892378807 0.03853277117013931
3 0.37037280201911926 0.5067254304885864 0.026857757940888405 0.053399860858917236
3 0.42786362767219543 0.3557850122451782 0.015941260382533073 0.023664847016334534
3 0.4424559772014618 0.24305598437786102 0.008296786807477474 0.011216905899345875
3 0.1578737199306488 0.4724781811237335 0.06359723210334778 0.04209323599934578
3 0.1193474754691124 0.5104403495788574 0.06524167954921722 0.04957770183682442
3 0.402800053358078 0.3329543173313141 0.01751071773469448 0.03198471665382385
3 0.645108163356781 0.4088250994682312 0.04305325821042061 0.03348284959793091
3 0.01041058823466301 0.7721406817436218 0.020745763555169106 0.09871978312730789
0 0.2318415492773056 0.4504299759864807 0.008321672677993774 0.03588069602847099
