3 0.43566712737083435 0.6729137897491455 0.0802820548415184 0.21177612245082855
4 0.49408426880836487 0.2524307668209076 0.04083862528204918 0.11275804787874222
3 0.5308588743209839 0.6858189702033997 0.06989144533872604 0.245382159948349
3 0.9150035977363586 0.29674768447875977 0.06803230196237564 0.08260785788297653
3 0.9646249413490295 0.39797118306159973 0.07048779726028442 0.10433469712734222
3 0.850613534450531 0.14011265337467194 0.04886385053396225 0.06769711524248123
3 0.5518105626106262 0.18873152136802673 0.032658565789461136 0.0758490264415741
3 0.9552282094955444 0.1221286952495575 0.05470580980181694 0.064483642578125
0 0.8911410570144653 0.2260049730539322 0.014391551725566387 0.05415811017155647
6 0.5453601479530334 0.4485461115837097 0.03523923084139824 0.10838224738836288
4 0.46658048033714294 0.41456982493400574 0.058136165142059326 0.16386295855045319
3 0.968683123588562 0.056773386895656586 0.06136456876993179 0.04970413073897362
3 0.7920424938201904 0.023412620648741722 0.04139332473278046 0.04613202437758446
1 0.8037005662918091 0.47043299674987793 0.02007293701171875 0.05489976704120636
