3 0.26909446716308594 0.6591430306434631 0.06438549607992172 0.15466400980949402
3 0.5143975019454956 0.6133617758750916 0.044687967747449875 0.11739035695791245
3 0.3929005563259125 0.28408539295196533 0.05854638293385506 0.053360167890787125
3 0.5068953633308411 0.3388080298900604 0.032564546912908554 0.065057672560215
3 0.44022631645202637 0.23465581238269806 0.02945157326757908 0.05983970686793327
3 0.5288087129592896 0.1745723932981491 0.02455327659845352 0.04212383180856705
3 0.4436608850955963 0.17954067885875702 0.02244415320456028 0.04714431241154671
3 0.42858177423477173 0.04482273384928703 0.01709805615246296 0.03408987447619438
3 0.130032479763031 0.4002630114555359 0.08959183841943741 0.07161195576190948
3 0.40412041544914246 0.16058166325092316 0.027261847630143166 0.04698571190237999
3 0.40107262134552 0.22388069331645966 0.02823885716497898 0.055642563849687576
3 0.11183066666126251 0.17642898857593536 0.037657883018255234 0.04357104375958443
3 0.14182046055793762 0.260273277759552 0.07789965718984604 0.0518496073782444
3 0.5034767985343933 0.028423449024558067 0.016785116866230965 0.030767187476158142
1 0.38676050305366516 0.6416923999786377 0.017628973349928856 0.055320870131254196
3 0.7659034132957458 0.2586835026741028 0.06217893958091736 0.05052252858877182
3 0.05523296818137169 0.1661195456981659 0.028677383437752724 0.049433350563049316
3 0.5978267192840576 0.14059893786907196 0.038286592811346054 0.0391835942864418
3 0.13350741565227509 0.2975260019302368 0.07083630561828613 0.05458501726388931
3 0.4572329521179199 0.04339778423309326 0.017061255872249603 0.037638548761606216
9 0.32035866379737854 0.41157856583595276 0.015512354671955109 0.044385962188243866
3 0.4518699645996094 0.10179489850997925 0.02013280615210533 0.03905152156949043
3 0.6590234041213989 0.23071923851966858 0.06266937404870987 0.04195578768849373
