3 0.4107562005519867 0.5542994737625122 0.060441095381975174 0.13458199799060822
3 0.8151426315307617 0.8720346093177795 0.1320754587650299 0.17588090896606445
3 0.4987644851207733 0.8932168483734131 0.09734851866960526 0.21286174654960632
3 0.7649033665657043 0.9377435445785522 0.13985353708267212 0.12274306267499924
3 0.9408584833145142 0.21193988621234894 0.05079273879528046 0.04979798570275307
3 0.7704749703407288 0.07906229048967361 0.04725225269794464 0.04106101766228676
3 0.13536247611045837 0.1283496916294098 0.031056685373187065 0.051587123423814774
3 0.8240517377853394 0.06265322118997574 0.04760437086224556 0.043216537684202194
3 0.3697357475757599 0.048040442168712616 0.02424285002052784 0.03998671472072601
3 0.16824449598789215 0.07957548648118973 0.029576493427157402 0.04764202982187271
2 0.6066881418228149 0.8780606985092163 0.0303533673286438 0.09518604725599289
0 0.5947882533073425 0.10870958119630814 0.008213043212890625 0.04015113040804863
1 0.5257026553153992 0.3844798505306244 0.016319096088409424 0.05593345686793327
3 0.18364791572093964 0.11992493271827698 0.03268037736415863 0.05570632964372635
3 0.12969166040420532 0.019326910376548767 0.02518477849662304 0.03046891838312149
