3 0.23289638757705688 0.7337890267372131 0.07329235970973969 0.10300995409488678
3 0.16063444316387177 0.845736026763916 0.09081549197435379 0.1310911476612091
3 0.4058995842933655 0.5078638195991516 0.06416711211204529 0.05009107664227486
3 0.8978517651557922 0.927734375 0.06448400020599365 0.12497798353433609
3 0.5273979306221008 0.46874138712882996 0.03870849683880806 0.05773826315999031
3 0.5365748405456543 0.5550847053527832 0.03340606763958931 0.06086334213614464
3 0.6127960085868835 0.545448899269104 0.03208465501666069 0.05314973369240761
3 0.6171849370002747 0.42077118158340454 0.025054259225726128 0.03771314397454262
3 0.43486031889915466 0.41020214557647705 0.03306732326745987 0.04175462946295738
3 0.6493359804153442 0.3416834771633148 0.017041195183992386 0.030071184039115906
3 0.6763433218002319 0.3022671937942505 0.01594296656548977 0.027589846402406693
3 0.45876991748809814 0.3782978951931 0.02738494984805584 0.03684999793767929
3 0.019632332026958466 0.8605071902275085 0.03923611715435982 0.09898649901151657
3 0.6903281807899475 0.48260602355003357 0.0274099912494421 0.051433369517326355
3 0.6611241102218628 0.2177308052778244 0.010577796958386898 0.018844006583094597
3 0.3205679655075073 0.5362017154693604 0.0780073031783104 0.05741509422659874
3 0.6684579849243164 0.26714131236076355 0.013882267288863659 0.022070692852139473
3 0.5979118943214417 0.3610574007034302 0.01976192742586136 0.025807181373238564
3 0.6055650115013123 0.32731807231903076 0.01878146082162857 0.029412144795060158
3 0.11635003983974457 0.7286220788955688 0.07435254752635956 0.07604270428419113
3 0.5728049278259277 0.41784337162971497 0.029395295307040215 0.04929486662149429
3 0.4829809367656708 0.33111751079559326 0.019996553659439087 0.028678905218839645
3 0.18747596442699432 0.44161784648895264 0.05269407480955124 0.03982236981391907
4 0.11635085195302963 0.729293704032898 0.07500285655260086 0.07609592378139496
4 0.3481719493865967 0.4672587215900421 0.057462871074676514 0.04765521362423897
