3 0.6872391700744629 0.7832013964653015 0.08567477762699127 0.1687706708908081
3 0.5121794939041138 0.43844106793403625 0.040635861456394196 0.07727382332086563
3 0.13381904363632202 0.8910229206085205 0.11324556171894073 0.12622341513633728
3 0.7719316482543945 0.4254019558429718 0.08509234338998795 0.06444083899259567
3 0.3156818151473999 0.3696357011795044 0.06331998109817505 0.05751849710941315
3 0.9685992002487183 0.4437592625617981 0.06280158460140228 0.06441008299589157
3 0.06428774446249008 0.9631587266921997 0.1166408360004425 0.07368268072605133
3 0.5112719535827637 0.31972789764404297 0.03152649849653244 0.05714374780654907
4 0.3221983015537262 0.2782669961452484 0.033323243260383606 0.06072048842906952
0 0.19710572063922882 0.32266363501548767 0.009304831735789776 0.04536643624305725
3 0.210569366812706 0.42642417550086975 0.0917109027504921 0.06049142777919769
3 0.3423335552215576 0.12577654421329498 0.015981674194335938 0.029599767178297043
3 0.6227700710296631 0.1706288754940033 0.01794711872935295 0.03162142634391785
3 0.46336454153060913 0.1653279811143875 0.024076079949736595 0.04696766287088394
