3 0.3656633794307709 0.6969773769378662 0.05720805004239082 0.17028772830963135
3 0.5614618062973022 0.23561541736125946 0.029277397319674492 0.05010826885700226
3 0.08082221448421478 0.4267430603504181 0.0741565078496933 0.06313173472881317
3 0.44756361842155457 0.39230096340179443 0.03898894414305687 0.09310929477214813
3 0.07078516483306885 0.2517477571964264 0.041253235191106796 0.05152350664138794
3 0.5120016932487488 0.21155871450901031 0.024601565673947334 0.047529514878988266
3 0.3981384038925171 0.9531923532485962 0.06229373812675476 0.09361532330513
3 0.8438208103179932 0.38218286633491516 0.08486956357955933 0.06784719973802567
3 0.08178794384002686 0.37306731939315796 0.07707539945840836 0.05830620974302292
3 0.058644458651542664 0.5895391702651978 0.10111866146326065 0.08744626492261887
3 0.7196239233016968 0.320381760597229 0.06601113826036453 0.061313606798648834
3 0.26091253757476807 0.23970358073711395 0.06943588703870773 0.050112079828977585
3 0.013305197469890118 0.24571426212787628 0.026412786915898323 0.043974097818136215
3 0.6336066722869873 0.2088645100593567 0.04812918230891228 0.04583706334233284
9 0.298284649848938 0.584097146987915 0.016228238120675087 0.05783751234412193
3 0.4799342453479767 0.023905975744128227 0.015225803479552269 0.026615973562002182
1 0.2931326925754547 0.7415177822113037 0.017453676089644432 0.05864226073026657
3 0.41559556126594543 0.2052866667509079 0.027814753353595734 0.05860958993434906
3 0.47614750266075134 0.054594364017248154 0.01995302177965641 0.031435735523700714
3 0.3421408236026764 0.21735768020153046 0.06300201267004013 0.05061103031039238
3 0.4549652636051178 0.2560507357120514 0.030627800151705742 0.07401284575462341
