3 0.6058972477912903 0.46529558300971985 0.05907229334115982 0.09570200741291046
3 0.42231613397598267 0.47593361139297485 0.050485141575336456 0.12721234560012817
3 0.43728378415107727 0.2860337793827057 0.03703590855002403 0.08448313176631927
2 0.12026513367891312 0.8055962920188904 0.04127826914191246 0.048994556069374084
3 0.503711462020874 0.21013379096984863 0.02737485244870186 0.05355055257678032
4 0.45629066228866577 0.17136438190937042 0.024643708020448685 0.06601585447788239
3 0.3779333233833313 0.19827091693878174 0.03600712865591049 0.06823404878377914
3 0.4464513957500458 0.09961127489805222 0.02426479570567608 0.04015326872467995
3 0.5124825835227966 0.2959554195404053 0.0333777479827404 0.06075471639633179
0 0.6709036827087402 0.6574350595474243 0.019808780401945114 0.08357847481966019
3 0.49812573194503784 0.0593075230717659 0.017399687319993973 0.032009001821279526
3 0.5016688704490662 0.11891920864582062 0.021969828754663467 0.04309169948101044
3 0.45835167169570923 0.0578952394425869 0.01963747851550579 0.037321947515010834
3 0.5378453135490417 0.046620532870292664 0.021492408588528633 0.028962189331650734
3 0.4303717613220215 0.019121307879686356 0.025079166516661644 0.029968421906232834
1 0.5551711320877075 0.4593241214752197 0.014300357550382614 0.051341019570827484
3 0.4143580496311188 0.0793222039937973 0.022239506244659424 0.04206191003322601
3 0.5529943108558655 0.06792262941598892 0.020722558721899986 0.03308434784412384
9 0.3213973641395569 0.4781939387321472 0.020450973883271217 0.07612676173448563
9 0.19457696378231049 0.5934451818466187 0.04422186687588692 0.060146160423755646
9 0.5548499822616577 0.47783732414245605 0.014977848157286644 0.050830598920583725
3 0.7722696661949158 0.9618015289306641 0.18005375564098358 0.0751073956489563
3 0.4146023094654083 0.043895479291677475 0.02692260779440403 0.03481952100992203
3 0.3912174105644226 0.10933369398117065 0.023113161325454712 0.04707900062203407
