3 0.8281922340393066 0.38512033224105835 0.07032686471939087 0.049355581402778625
3 0.7354716658592224 0.3725639581680298 0.07535018771886826 0.056883253157138824
3 0.08088827133178711 0.8032153248786926 0.1409464329481125 0.11576582491397858
3 0.1414841115474701 0.601405918598175 0.07670674473047256 0.07572867721319199
3 0.055296216160058975 0.6196727156639099 0.0964365154504776 0.09923622757196426
3 0.07690300047397614 0.9556805491447449 0.13985192775726318 0.08774550259113312
3 0.07298246771097183 0.7381761074066162 0.12673108279705048 0.10593701153993607
0 0.39656946063041687 0.7612127065658569 0.02036254107952118 0.07575731724500656
3 0.9253979325294495 0.3455349802970886 0.06523706763982773 0.04804440215229988
4 0.5674603581428528 0.5129815936088562 0.0685303658246994 0.09394072741270065
4 0.1015690341591835 0.39957955479621887 0.0561736561357975 0.04940321296453476
3 0.07547435909509659 0.6627509593963623 0.11351199448108673 0.10450763255357742
3 0.5613992214202881 0.3098233938217163 0.03201235830783844 0.0401495061814785
3 0.06903447210788727 0.4365804195404053 0.08933918923139572 0.052058443427085876
3 0.891788899898529 0.27721932530403137 0.05780639871954918 0.040508076548576355
3 0.024883192032575607 0.39468467235565186 0.049766384065151215 0.052000757306814194
3 0.4183705449104309 0.03870006650686264 0.01083984412252903 0.02121702954173088
3 0.9879538416862488 0.27416154742240906 0.023076944053173065 0.0340644009411335
0 0.830028772354126 0.34625908732414246 0.013108287006616592 0.035630449652671814
0 0.831791877746582 0.3477426767349243 0.010021254420280457 0.03647903725504875
0 0.45759108662605286 0.24920232594013214 0.009238792583346367 0.04356376454234123
3 0.7667633295059204 0.243966743350029 0.05562421306967735 0.04126892238855362
3 0.3440878689289093 0.10978659242391586 0.014818012714385986 0.026197437196969986
