3 0.7866747975349426 0.7373498678207397 0.08828327059745789 0.1936216652393341
3 0.6223002672195435 0.8953090310096741 0.15830442309379578 0.13242897391319275
3 0.7768102288246155 0.2622854709625244 0.050035860389471054 0.0751924216747284
4 0.5926352739334106 0.5593376159667969 0.0943988561630249 0.10647786408662796
3 0.6205522418022156 0.7808288931846619 0.15057966113090515 0.11998642235994339
3 0.610662579536438 0.6923627257347107 0.12857379019260406 0.09824151545763016
3 0.8596996068954468 0.271628201007843 0.04900360107421875 0.06134567782282829
0 0.2823856472969055 0.9503545761108398 0.024133211001753807 0.09079933166503906
3 0.42840954661369324 0.39469361305236816 0.06197761371731758 0.09412798285484314
3 0.7832977175712585 0.18263542652130127 0.041348446160554886 0.0585465282201767
3 0.7467790842056274 0.18806897103786469 0.042967088520526886 0.06274629384279251
3 0.8699398636817932 0.942731499671936 0.10062561184167862 0.1111043319106102
3 0.498718798160553 0.24521613121032715 0.08289117366075516 0.059316519647836685
3 0.824461042881012 0.17676670849323273 0.038543522357940674 0.05223211273550987
3 0.8193930387496948 0.1098019927740097 0.04338746890425682 0.04768627882003784
3 0.6772331595420837 0.027595320716500282 0.030124081298708916 0.04012415558099747
9 0.17688462138175964 0.8000763058662415 0.0474279411137104 0.09392361342906952
9 0.6991617679595947 0.30206894874572754 0.015505218878388405 0.0407320111989975
3 0.5370252728462219 0.31769344210624695 0.09015198051929474 0.060681115835905075
9 0.18340949714183807 0.8016331195831299 0.034969836473464966 0.08798525482416153
