8 0.4353831708431244 0.08406233042478561 0.022501373663544655 0.12278760224580765
3 0.5531130433082581 0.43240097165107727 0.03441426903009415 0.027394533157348633
3 0.5667449235916138 0.0804198756814003 0.016804145649075508 0.06092817708849907
3 0.361324667930603 0.922353982925415 0.036564480513334274 0.06137392297387123
3 0.4645584523677826 0.8340861201286316 0.01743927039206028 0.06701788306236267
3 0.546210765838623 0.7702359557151794 0.03777313232421875 0.051301684230566025
3 0.4816560745239258 0.2808394730091095 0.017554743215441704 0.06889792531728745
3 0.15852750837802887 0.7951049208641052 0.019436029717326164 0.06774312257766724
3 0.5542625784873962 0.390071302652359 0.03611127287149429 0.02751093916594982
3 0.5594249963760376 0.9720305800437927 0.0338330902159214 0.05593892186880112
3 0.13576045632362366 0.7998613715171814 0.01839923858642578 0.06896462291479111
3 0.4908149242401123 0.5749033093452454 0.01648038998246193 0.06568950414657593
3 0.4672468304634094 0.5546640753746033 0.015936458483338356 0.06037577986717224
3 0.5055984854698181 0.21442513167858124 0.014331772923469543 0.05926432088017464
3 0.4618672728538513 0.6608892679214478 0.01575012318789959 0.06792738288640976
4 0.8265681862831116 0.9421910643577576 0.053417790681123734 0.04086443409323692
3 0.42454349994659424 0.5302945375442505 0.016683466732501984 0.06378413736820221
3 0.22915711998939514 0.792427659034729 0.01943761110305786 0.07306858152151108
3 0.602999746799469 0.32036611437797546 0.03701746463775635 0.028274616226553917
3 0.602983295917511 0.1371331512928009 0.017595402896404266 0.06582694500684738
3 0.33501192927360535 0.13238775730133057 0.016215896233916283 0.059996843338012695
3 0.12255091965198517 0.9328668713569641 0.04042167589068413 0.031093623489141464
3 0.20506969094276428 0.7919904589653015 0.017495548352599144 0.06284075975418091
3 0.11941366642713547 0.9722347855567932 0.03905952721834183 0.030195090919733047
3 0.46286889910697937 0.3893570899963379 0.015904460102319717 0.0657263696193695
3 0.1834733933210373 0.7852643132209778 0.016452385112643242 0.060429833829402924
3 0.5634147524833679 0.5976241827011108 0.03848455101251602 0.04305615648627281
3 0.3342858850955963 0.02672317624092102 0.015121886506676674 0.05161555856466293
3 0.12064376473426819 0.8951411247253418 0.035633087158203125 0.03282167762517929
4 0.06167393550276756 0.7923416495323181 0.05339844897389412 0.03737625479698181
3 0.29559341073036194 0.2925281822681427 0.03345031663775444 0.030393393710255623
3 0.5771632790565491 0.2567444443702698 0.030495721846818924 0.047850046306848526
3 0.5682351589202881 0.19984903931617737 0.01634548418223858 0.07286657392978668
3 0.5554829239845276 0.5047886967658997 0.032016754150390625 0.03080173209309578
3 0.3199140131473541 0.08218496292829514 0.02700991928577423 0.0372510626912117
3 0.5405114889144897 0.4672596752643585 0.032192230224609375 0.027712754905223846
3 0.12780483067035675 0.028450988233089447 0.017011407762765884 0.056901976466178894
3 0.548382580280304 0.6395941376686096 0.030461570248007774 0.02936943992972374
3 0.539684534072876 0.3230976164340973 0.031052667647600174 0.030388806015253067
