3 0.5311083793640137 0.6500786542892456 0.12275584042072296 0.12983965873718262
3 0.8310604691505432 0.8628800511360168 0.16311399638652802 0.16796939074993134
3 0.21102119982242584 0.30091989040374756 0.08159514516592026 0.07130298763513565
3 0.5130669474601746 0.5105215311050415 0.098358154296875 0.10160339623689651
3 0.4012512266635895 0.4163210391998291 0.09002871811389923 0.09031188488006592
3 0.9500599503517151 0.8418172597885132 0.09954645484685898 0.16263659298419952
3 0.39412805438041687 0.519088089466095 0.1134147197008133 0.08671233057975769
3 0.22907306253910065 0.3741432726383209 0.09042182564735413 0.07735475897789001
3 0.26369306445121765 0.47627681493759155 0.10949978977441788 0.08313567191362381
3 0.6616055965423584 0.17630824446678162 0.04497640207409859 0.06327705085277557
3 0.6193373203277588 0.1513945758342743 0.046399690210819244 0.07185039669275284
0 0.7903323769569397 0.557895839214325 0.01882207579910755 0.06037023290991783
3 0.7613444924354553 0.01753494329750538 0.02659611403942108 0.030742309987545013
0 0.7725754976272583 0.5394101142883301 0.02021089568734169 0.07746674120426178
3 0.7432889342308044 0.049106501042842865 0.030124306678771973 0.043214067816734314
3 0.0085817351937294 0.23100878298282623 0.01702188141644001 0.05245890095829964
3 0.12434207648038864 0.042229920625686646 0.04273635894060135 0.051326170563697815
9 0.4985950291156769 0.3478673994541168 0.018878668546676636 0.04075351357460022
3 0.7220152616500854 0.08227671682834625 0.03172885626554489 0.047547973692417145
0 0.442110151052475 0.19733300805091858 0.010876868851482868 0.04877640679478645
