3 0.6979449987411499 0.4053872227668762 0.06069313734769821 0.0782485082745552
3 0.7418228983879089 0.32260358333587646 0.06739986687898636 0.051209017634391785
3 0.21503116190433502 0.48306962847709656 0.09476213157176971 0.07683464884757996
3 0.9136836528778076 0.22964493930339813 0.05305122211575508 0.04082855209708214
3 0.29547998309135437 0.153813898563385 0.024691728875041008 0.04547891020774841
3 0.29007065296173096 0.23340412974357605 0.02621430903673172 0.04674411565065384
3 0.27645134925842285 0.11986790597438812 0.025158017873764038 0.04146580025553703
3 0.6758624911308289 0.22295838594436646 0.058528363704681396 0.03596522659063339
3 0.158289834856987 0.10403548181056976 0.01969132199883461 0.03499053046107292
3 0.851378858089447 0.30172041058540344 0.0642412081360817 0.04570562019944191
3 0.33357298374176025 0.22936202585697174 0.03015107661485672 0.056914087384939194
3 0.45756685733795166 0.13131125271320343 0.01556154154241085 0.028409572318196297
3 0.9777835607528687 0.2661530375480652 0.0444328747689724 0.043810199946165085
3 0.9700502753257751 0.22130247950553894 0.047675639390945435 0.03824042156338692
