3 0.4669186770915985 0.6927010416984558 0.08033963292837143 0.10749073326587677
3 0.8158720135688782 0.5623330473899841 0.0484369620680809 0.07851208001375198
3 0.8233057260513306 0.3607978820800781 0.058305270969867706 0.042474206537008286
3 0.050781235098838806 0.16643278300762177 0.028128579258918762 0.04581945389509201
3 0.46595364809036255 0.5776894092559814 0.0602947473526001 0.08673873543739319
3 0.6560730338096619 0.3294450342655182 0.05338780954480171 0.047244444489479065
4 0.9757159948348999 0.41112852096557617 0.048568010330200195 0.061066873371601105
3 0.7655587792396545 0.292103111743927 0.044759996235370636 0.03639502450823784
3 0.7351348996162415 0.22277334332466125 0.03204956278204918 0.030116362497210503
3 0.05449904501438141 0.2616221308708191 0.03359401598572731 0.06140859052538872
3 0.7034662365913391 0.2839033901691437 0.049253664910793304 0.03278706967830658
3 0.25765568017959595 0.17684228718280792 0.019611941650509834 0.032379500567913055
0 0.5042737126350403 0.30831244587898254 0.007239711936563253 0.03481199964880943
1 0.9291690587997437 0.45111554861068726 0.011811469681560993 0.03950255364179611
3 0.8016788363456726 0.321807324886322 0.05285070091485977 0.04710446298122406
3 0.17454896867275238 0.20965313911437988 0.024075552821159363 0.03157458454370499
9 0.5088196992874146 0.41250738501548767 0.01794613152742386 0.03484325483441353
3 0.08013468235731125 0.3128455877304077 0.033874064683914185 0.05194636434316635
3 0.1256183236837387 0.2881579101085663 0.0394243486225605 0.05679211765527725
