3 0.47025322914123535 0.8465587496757507 0.0928833931684494 0.1442611813545227
3 0.5488668084144592 0.6317765712738037 0.09147379547357559 0.06536358594894409
3 0.5106387734413147 0.5416342616081238 0.049018725752830505 0.06162141636013985
3 0.41413336992263794 0.6201631426811218 0.08568907529115677 0.06872981786727905
3 0.2473936676979065 0.6525915265083313 0.07546433806419373 0.060089111328125
3 0.32708048820495605 0.3901526927947998 0.02984592318534851 0.04027119651436806
3 0.6974861025810242 0.41542866826057434 0.03254753723740578 0.04908642917871475
3 0.47733432054519653 0.4498763382434845 0.026781104505062103 0.05236988142132759
3 0.43449097871780396 0.43734210729599 0.027252197265625 0.05303201451897621
0 0.9086706042289734 0.8891565799713135 0.01563262939453125 0.06731212884187698
3 0.5342757701873779 0.21392391622066498 0.01204268541187048 0.022019410505890846
3 0.46981462836265564 0.2065126895904541 0.013739238493144512 0.022884374484419823
3 0.49217459559440613 0.33075541257858276 0.020519481971859932 0.03690704330801964
9 0.3367518186569214 0.744030773639679 0.036917831748723984 0.037549786269664764
0 0.226422980427742 0.46104952692985535 0.00973158422857523 0.031711235642433167
3 0.4828139543533325 0.39853158593177795 0.023324405774474144 0.04565361887216568
3 0.44128552079200745 0.39035606384277344 0.024533843621611595 0.04194914549589157
3 0.4812200367450714 0.35563790798187256 0.021075842902064323 0.03829006850719452
1 0.4585542678833008 0.2763211131095886 0.006275446619838476 0.021395156159996986
