3 0.34225407242774963 0.7407566905021667 0.09372049570083618 0.1552998572587967
3 0.9047558307647705 0.8635701537132263 0.19048839807510376 0.23676279187202454
3 0.6331685185432434 0.2804219126701355 0.042598724365234375 0.04740612581372261
4 0.2875528633594513 0.29203951358795166 0.05984459072351456 0.05898268148303032
3 0.2321019321680069 0.3061755299568176 0.07459723949432373 0.05536966025829315
3 0.5485283136367798 0.24129618704319 0.05070612207055092 0.0454694963991642
3 0.5269282460212708 0.2741634249687195 0.04148222878575325 0.05004683509469032
3 0.553594708442688 0.1815824657678604 0.032346345484256744 0.027004407718777657
1 0.40859320759773254 0.45910125970840454 0.014865516684949398 0.054733697324991226
3 0.6180751323699951 0.23525068163871765 0.037765100598335266 0.037678059190511703
3 0.3570845425128937 0.26797133684158325 0.04953983798623085 0.04680337384343147
3 0.4321936368942261 0.23821991682052612 0.043005865067243576 0.04447444528341293
3 0.4087736904621124 0.24812881648540497 0.04727962985634804 0.03918435052037239
3 0.759975790977478 0.6651869416236877 0.07020245492458344 0.0909869447350502
3 0.3322741985321045 0.2847905158996582 0.04462823271751404 0.04600253701210022
3 0.6418996453285217 0.2129102200269699 0.03685038164258003 0.031938161700963974
9 0.14841124415397644 0.5192549824714661 0.04686274752020836 0.04722728952765465
