3 0.5835558772087097 0.6550310850143433 0.08188436180353165 0.10997924953699112
3 0.4344407916069031 0.6523889899253845 0.05600985512137413 0.11573315411806107
3 0.47059157490730286 0.5434130430221558 0.05227145180106163 0.09866975247859955
8 0.8666060566902161 0.46183133125305176 0.16410163044929504 0.1172013059258461
4 0.15258069336414337 0.5244003534317017 0.08642007410526276 0.07802379876375198
3 0.36513108015060425 0.24836599826812744 0.027435706928372383 0.0483904667198658
3 0.4392450749874115 0.27205348014831543 0.026380157098174095 0.04137719050049782
3 0.4573709964752197 0.233448326587677 0.029247283935546875 0.03386832773685455
3 0.9104151129722595 0.330051451921463 0.057217229157686234 0.04159863293170929
3 0.21686576306819916 0.15052367746829987 0.01822357252240181 0.03091922402381897
3 0.9196929931640625 0.3948567509651184 0.07193531841039658 0.05150330066680908
0 0.13495680689811707 0.3649114966392517 0.010088831186294556 0.04291601479053497
5 0.20847612619400024 0.2513498365879059 0.037291716784238815 0.08478288352489471
3 0.6082026958465576 0.23989364504814148 0.029199622571468353 0.036300480365753174
3 0.5067025423049927 0.18346646428108215 0.01710393652319908 0.03091193363070488
3 0.4356239438056946 0.18471668660640717 0.018055006861686707 0.02881503663957119
6 0.6872274279594421 0.4722094237804413 0.054071810096502304 0.05558372288942337
3 0.5343995094299316 0.21077023446559906 0.023782169446349144 0.03289617598056793
3 0.381975382566452 0.2913473844528198 0.030495161190629005 0.05502929911017418
3 0.39367374777793884 0.13657550513744354 0.014601584523916245 0.025922948494553566
3 0.33043694496154785 0.16865047812461853 0.021150769665837288 0.03710971400141716
