3 0.42880699038505554 0.7444460391998291 0.05073735862970352 0.13527169823646545
3 0.07647988945245743 0.5475210547447205 0.07493668049573898 0.08984068036079407
3 0.49099817872047424 0.491970419883728 0.036287374794483185 0.08067052811384201
3 0.4986210763454437 0.6736240386962891 0.043816376477479935 0.1145223006606102
3 0.20010079443454742 0.3265987038612366 0.04269229620695114 0.06266786903142929
3 0.4572851061820984 0.3272072970867157 0.030669761821627617 0.05727461352944374
3 0.3920955955982208 0.2978872060775757 0.029708189889788628 0.05632121115922928
3 0.8584429621696472 0.7383122444152832 0.07370372116565704 0.1189231351017952
3 0.46383726596832275 0.21512168645858765 0.026400936767458916 0.04218411073088646
3 0.1844210922718048 0.11547791957855225 0.04304002970457077 0.029859567061066628
3 0.4082869589328766 0.10645366460084915 0.015431303530931473 0.02908596582710743
3 0.40079960227012634 0.1511385589838028 0.02144353650510311 0.03781154006719589
3 0.43356916308403015 0.13886967301368713 0.01962527073919773 0.036003582179546356
3 0.1206405758857727 0.09042605757713318 0.030836643651127815 0.03011535480618477
3 0.44292566180229187 0.08020161837339401 0.0157812237739563 0.03244514390826225
3 0.42150717973709106 0.07554380595684052 0.01576937548816204 0.02857242152094841
9 0.5500409603118896 0.9610437750816345 0.023820899426937103 0.0739060789346695
3 0.4765542447566986 0.08849366754293442 0.0178259015083313 0.027926083654165268
3 0.5812430381774902 0.07808464765548706 0.01691225916147232 0.03112780675292015
3 0.4834483563899994 0.04831312224268913 0.013494648970663548 0.02457343228161335
3 0.4717438220977783 0.1431742161512375 0.01927373558282852 0.042454320937395096
3 0.5029452443122864 0.06943575292825699 0.014211094006896019 0.031474560499191284
3 0.4172365963459015 0.2103268951177597 0.02262667566537857 0.042641155421733856
1 0.3073423504829407 0.3891170918941498 0.015366834588348866 0.0391196683049202
3 0.18568715453147888 0.15597446262836456 0.05719399452209473 0.03415637090802193
