3 0.5813422203063965 0.9214813709259033 0.09056472778320312 0.15703731775283813
3 0.4619816541671753 0.5501383543014526 0.08032303303480148 0.07723069936037064
3 0.8072836399078369 0.3466527760028839 0.06887934356927872 0.0433199442923069
3 0.884818434715271 0.6439383029937744 0.05690155178308487 0.09970515966415405
3 0.5084993243217468 0.3162119388580322 0.05760040506720543 0.041534844785928726
3 0.9103735089302063 0.4145823121070862 0.06962540745735168 0.05167136713862419
0 0.11396048218011856 0.615899384021759 0.01576046645641327 0.06601383537054062
0 0.14503483474254608 0.3651290833950043 0.010831216350197792 0.04545990377664566
0 0.09831046313047409 0.3664174973964691 0.011067744344472885 0.04100034758448601
3 0.7283501029014587 0.2938844859600067 0.050807639956474304 0.0395696721971035
3 0.971664547920227 0.3075833022594452 0.054983701556921005 0.03908715397119522
3 0.5039241909980774 0.1938394010066986 0.016966113820672035 0.03143751621246338
3 0.21335090696811676 0.15870463848114014 0.017570698633790016 0.031116142868995667
0 0.8265632390975952 0.47357770800590515 0.01189009752124548 0.045139409601688385
0 0.07748989015817642 0.4824921786785126 0.013606739230453968 0.053577858954668045
8 0.20736825466156006 0.26432594656944275 0.03255801647901535 0.08600344508886337
3 0.2818230092525482 0.08910772949457169 0.015110599808394909 0.025603676214814186
0 0.9116370677947998 0.5323346853256226 0.01528365258127451 0.05565245449542999
3 0.3488208055496216 0.21804378926753998 0.022774843499064445 0.03558654710650444
3 0.5516843795776367 0.23457740247249603 0.02435275912284851 0.03790127858519554
3 0.33637794852256775 0.1103515625 0.017897415906190872 0.025044679641723633
3 0.3382083475589752 0.11295624822378159 0.017359161749482155 0.02412243001163006
1 0.5829768776893616 0.4562375545501709 0.011923352256417274 0.04033031687140465
