3 0.2935873568058014 0.048589181154966354 0.029774319380521774 0.054349008947610855
3 0.034631066024303436 0.7656826376914978 0.04398907348513603 0.043703485280275345
3 0.5592813491821289 0.3540988266468048 0.016483889892697334 0.06223958358168602
3 0.4826548993587494 0.2514113485813141 0.016430888324975967 0.06207961589097977
3 0.6267118453979492 0.5158453583717346 0.01810549572110176 0.059475209563970566
4 0.3079809844493866 0.3408055603504181 0.02904481440782547 0.050157077610492706
3 0.8440653085708618 0.5565674901008606 0.01993749290704727 0.06667141616344452
3 0.5516130328178406 0.9097297191619873 0.018105406314134598 0.07182034850120544
3 0.5941710472106934 0.8778169751167297 0.020640205591917038 0.06723393499851227
3 0.3876034915447235 0.7025644779205322 0.01747620478272438 0.06853178888559341
3 0.23702965676784515 0.10789533704519272 0.0389757938683033 0.033357199281454086
3 0.4635278284549713 0.06451079249382019 0.016003508120775223 0.06292471289634705
3 0.45213955640792847 0.46988773345947266 0.017580414190888405 0.0680881068110466
3 0.4873766005039215 0.04176989942789078 0.016397587954998016 0.05989683419466019
3 0.320587694644928 0.2375718057155609 0.01735258661210537 0.06605292856693268
3 0.04066479206085205 0.39637231826782227 0.022657178342342377 0.06885683536529541
3 0.17636270821094513 0.08977726101875305 0.04024543985724449 0.03256808593869209
3 0.8263903856277466 0.10844860225915909 0.03641510009765625 0.03356229513883591
3 0.46326372027397156 0.8540999889373779 0.01756439171731472 0.07481075078248978
3 0.5942646861076355 0.6407334208488464 0.014919460751116276 0.053952205926179886
3 0.7055249810218811 0.4733057916164398 0.019259240478277206 0.06207809969782829
3 0.59937584400177 0.03787308931350708 0.0181427001953125 0.06569510698318481
3 0.39577242732048035 0.48118314146995544 0.01663540117442608 0.0690833032131195
3 0.01305439230054617 0.15650831162929535 0.02578141540288925 0.027411947026848793
3 0.837637722492218 0.8469845056533813 0.041022446006536484 0.03243647515773773
3 0.7580772042274475 0.03702002763748169 0.016929402947425842 0.06991549581289291
3 0.5533766746520996 0.6458637714385986 0.017353640869259834 0.06165236979722977
3 0.8132116198539734 0.13921663165092468 0.036378659307956696 0.031063484027981758
3 0.733882486820221 0.38418081402778625 0.03598031401634216 0.029647808521986008
3 0.01580703631043434 0.11875013262033463 0.030876129865646362 0.030876290053129196
3 0.5589802861213684 0.2709064781665802 0.017654912546277046 0.0734618753194809
3 0.5552825927734375 0.5084190368652344 0.019148793071508408 0.06331823021173477
3 0.09856187552213669 0.34099280834198 0.031768035143613815 0.036239445209503174
3 0.5964350700378418 0.2339339554309845 0.01669464074075222 0.061915598809719086
3 0.8682920932769775 0.3993557393550873 0.03617625683546066 0.031406138092279434
3 0.874161958694458 0.4839034080505371 0.031485166400671005 0.02625361457467079
3 0.30327722430229187 0.3913798928260803 0.03265237435698509 0.039310552179813385
9 0.4955945312976837 0.11417505890130997 0.008369849994778633 0.02419249154627323
3 0.09342366456985474 0.3792085647583008 0.030272720381617546 0.030549611896276474
3 0.10830486565828323 0.23207035660743713 0.023570172488689423 0.030480777844786644
