3 0.41648730635643005 0.5474919080734253 0.046266667544841766 0.11959464102983475
3 0.5913344621658325 0.6453909277915955 0.053340911865234375 0.12822581827640533
3 0.05279543250799179 0.7330494523048401 0.10525636374950409 0.10505267977714539
3 0.5132923722267151 0.4813331365585327 0.04040621593594551 0.09162035584449768
3 0.566429078578949 0.27883467078208923 0.03149683400988579 0.056028760969638824
3 0.43242761492729187 0.23011170327663422 0.02811310812830925 0.06103404238820076
3 0.34533679485321045 0.33905333280563354 0.04121639207005501 0.07927026599645615
3 0.5068055987358093 0.33309975266456604 0.031896792352199554 0.06414711475372314
3 0.48365798592567444 0.2239723801612854 0.034127358347177505 0.050274960696697235
3 0.4421420991420746 0.1460050791501999 0.024842340499162674 0.04793926700949669
4 0.13610436022281647 0.659993588924408 0.10432910174131393 0.13386821746826172
3 0.5501975417137146 0.12499672919511795 0.03061559423804283 0.038085807114839554
3 0.43528029322624207 0.05310782417654991 0.01833895593881607 0.03291216865181923
3 0.21325527131557465 0.2799213230609894 0.0528838224709034 0.048402056097984314
3 0.5003188252449036 0.040822286158800125 0.01665191724896431 0.029934948310256004
3 0.45508500933647156 0.08449623733758926 0.02293279394507408 0.03683988377451897
3 0.5961443781852722 0.08724167943000793 0.0338909812271595 0.03245459869503975
0 0.22837500274181366 0.3207052946090698 0.010715484619140625 0.048238519579172134
3 0.4466985762119293 0.013549715280532837 0.019587527960538864 0.021598955616354942
3 0.0180751271545887 0.9200766682624817 0.0361502543091774 0.15971983969211578
3 0.9880342483520508 0.1589915007352829 0.02349584363400936 0.04086950048804283
