3 0.20827314257621765 0.6641833186149597 0.07765597105026245 0.1382068544626236
3 0.7583605647087097 0.7685018181800842 0.06830601394176483 0.13695204257965088
3 0.5070666074752808 0.39987659454345703 0.03029480017721653 0.0643514022231102
3 0.2596851885318756 0.23482610285282135 0.03556365892291069 0.043443210422992706
3 0.4708324670791626 0.2346753627061844 0.022090911865234375 0.04704657942056656
3 0.4718092978000641 0.30255126953125 0.028339162468910217 0.0522969588637352
3 0.5152338743209839 0.3187454342842102 0.026838505640625954 0.052822038531303406
3 0.506754457950592 0.254513144493103 0.0240976233035326 0.04741358757019043
3 0.4534415006637573 0.06180664896965027 0.015316009521484375 0.027928102761507034
3 0.6869419813156128 0.4740910232067108 0.04394015297293663 0.07422637194395065
3 0.42350295186042786 0.09947709739208221 0.01998748816549778 0.032517120242118835
3 0.7182072401046753 0.9687039256095886 0.0636802688241005 0.06128791719675064
3 0.4247567653656006 0.1808004528284073 0.02244814671576023 0.04217156395316124
1 0.5527523756027222 0.7904541492462158 0.017794890329241753 0.051764994859695435
3 0.4802183210849762 0.13315019011497498 0.018305476754903793 0.031127721071243286
0 0.1855747550725937 0.2896997928619385 0.010304260067641735 0.04652408882975578
3 0.49427831172943115 0.013910144567489624 0.013341881334781647 0.023181471973657608
3 0.20108363032341003 0.22431476414203644 0.028466224670410156 0.035362932831048965
3 0.5758881568908691 0.013999290764331818 0.014708934351801872 0.02464720793068409
3 0.4759468138217926 0.1737115979194641 0.020219961181282997 0.046446576714515686
3 0.5092313885688782 0.06570568680763245 0.0157201886177063 0.025289619341492653
3 0.024270538240671158 0.31392672657966614 0.0469965860247612 0.052417412400245667
3 0.5095399618148804 0.09965543448925018 0.016500676050782204 0.02925889752805233
0 0.7304814457893372 0.5285985469818115 0.012315952219069004 0.056743547320365906
9 0.552537739276886 0.8128812909126282 0.017947208136320114 0.056414518505334854
3 0.4289683401584625 0.026566749438643456 0.014958011917769909 0.021480413153767586
3 0.27823272347450256 0.06434088200330734 0.03156309574842453 0.022731846198439598
3 0.48589441180229187 0.07839904725551605 0.016675926744937897 0.028881289064884186
3 0.5117830038070679 0.14762434363365173 0.018028169870376587 0.041442643851041794
