3 0.7433818578720093 0.7512045502662659 0.07051283866167068 0.16651391983032227
3 0.9341258406639099 0.4333615005016327 0.08646303415298462 0.06884921342134476
3 0.9238839745521545 0.6067745089530945 0.12968669831752777 0.10432348400354385
3 0.8212619423866272 0.46192365884780884 0.09654980897903442 0.07652029395103455
3 0.33556127548217773 0.693045973777771 0.07009068876504898 0.16953767836093903
3 0.9572025537490845 0.4714239537715912 0.0842583179473877 0.06831326335668564
4 0.7329133152961731 0.5803272128105164 0.1008453369140625 0.11474338173866272
3 0.2647683918476105 0.1657516062259674 0.024668997153639793 0.04053829610347748
3 0.31887415051460266 0.12487795203924179 0.021053606644272804 0.032759811729192734
3 0.31478461623191833 0.08855284005403519 0.019109344109892845 0.030393514782190323
3 0.04565514624118805 0.47815102338790894 0.08969708532094955 0.07729959487915039
1 0.2525782585144043 0.25897371768951416 0.011725571937859058 0.04008914902806282
0 0.68938809633255 0.5434334874153137 0.014288150705397129 0.060812558978796005
3 0.4945235550403595 0.2545863091945648 0.057574644684791565 0.055222515016794205
2 0.8535686731338501 0.8023849129676819 0.03427088260650635 0.07921924442052841
