3 0.509192168712616 0.6455060243606567 0.1044420599937439 0.2953510880470276
3 0.6839302182197571 0.5856850743293762 0.0919647216796875 0.23429027199745178
3 0.17781883478164673 0.7797886729240417 0.24177351593971252 0.31113719940185547
3 0.5554754734039307 0.327738881111145 0.0746881365776062 0.1495482176542282
3 0.46105527877807617 0.3159002959728241 0.08195455372333527 0.13712182641029358
3 0.9472982883453369 0.1810404509305954 0.10540349781513214 0.08517906069755554
0 0.4643092453479767 0.12832285463809967 0.014205259270966053 0.07301211357116699
4 0.5947012901306152 0.17839668691158295 0.0524865984916687 0.12344104051589966
3 0.9243392944335938 0.12431551516056061 0.11810069531202316 0.0711965560913086
3 0.5655903816223145 0.06058738753199577 0.04591957479715347 0.07876978814601898
4 0.8423399329185486 0.2299366295337677 0.05903284624218941 0.12499687075614929
3 0.9478607177734375 0.25635746121406555 0.10405686497688293 0.10432332754135132
0 0.39774978160858154 0.13983947038650513 0.019839880988001823 0.05301346257328987
7 0.3981457054615021 0.5423084497451782 0.07728239893913269 0.16638021171092987
1 0.8443336486816406 0.5332717299461365 0.033005569130182266 0.09843487292528152
3 0.6261933445930481 0.06813082098960876 0.04499763250350952 0.09688373655080795
9 0.8442386388778687 0.5517705082893372 0.03709941357374191 0.09820377081632614
