3 0.03262849897146225 0.8325965404510498 0.0652569979429245 0.1433451771736145
3 0.46886682510375977 0.5884307622909546 0.03297729417681694 0.06818404793739319
3 0.5353148579597473 0.46777671575546265 0.05782385542988777 0.047121334820985794
3 0.5310432314872742 0.5723193883895874 0.034906186163425446 0.06933969259262085
3 0.4220890700817108 0.9289649128913879 0.05914705991744995 0.13876618444919586
3 0.4634079933166504 0.5028071403503418 0.027611542493104935 0.05501709133386612
3 0.45689451694488525 0.7225542068481445 0.04426153004169464 0.10524934530258179
3 0.08061156421899796 0.45188048481941223 0.0706750676035881 0.05094097927212715
3 0.41689804196357727 0.4244687259197235 0.027486959472298622 0.05460384860634804
3 0.021649986505508423 0.3493105471134186 0.042091358453035355 0.04046493396162987
3 0.11076207458972931 0.4048924744129181 0.06048407778143883 0.03803455829620361
3 0.3160342872142792 0.30558791756629944 0.021924007683992386 0.03098270297050476
3 0.430070698261261 0.17806485295295715 0.011651252396404743 0.01983361318707466
3 0.5082934498786926 0.17097176611423492 0.012183918617665768 0.017801322042942047
3 0.49323880672454834 0.2641073167324066 0.018480997532606125 0.033572208136320114
3 0.026885969564318657 0.4972352683544159 0.053771939128637314 0.05621609464287758
3 0.4895126521587372 0.13650858402252197 0.009311272762715816 0.018989434465765953
0 0.7526264786720276 0.6730428338050842 0.010709606111049652 0.03810049965977669
3 0.5021393895149231 0.22696103155612946 0.01463775709271431 0.027325181290507317
9 0.20677077770233154 0.4824329912662506 0.025875607505440712 0.027153585106134415
