8 0.4606485366821289 0.6133387088775635 0.3611621558666229 0.24556124210357666
3 0.9109967350959778 0.7753193378448486 0.14337041974067688 0.14572012424468994
3 0.4800051748752594 0.189777672290802 0.034375179558992386 0.07668337225914001
3 0.3345394432544708 0.42108720541000366 0.10692477971315384 0.08708005398511887
3 0.2964014410972595 0.10078591853380203 0.0381612665951252 0.05452343076467514
3 0.427531361579895 0.17111892998218536 0.0340937003493309 0.07500804960727692
3 0.7501004338264465 0.1400867998600006 0.04309140518307686 0.06505510210990906
3 0.3147498369216919 0.04906528443098068 0.036075010895729065 0.055121973156929016
3 0.49841925501823425 0.021156424656510353 0.025221431627869606 0.03955530747771263
3 0.4867904782295227 0.11352937668561935 0.030615055933594704 0.06266038119792938
3 0.4365900456905365 0.1018567681312561 0.029559820890426636 0.0600414052605629
6 0.676983118057251 0.5717071294784546 0.06080291047692299 0.08856181800365448
3 0.5594774484634399 0.13230647146701813 0.028981782495975494 0.05462519824504852
9 0.8641618490219116 0.38536545634269714 0.03074951283633709 0.05218525975942612
3 0.42336148023605347 0.4958345592021942 0.10810545086860657 0.0886298343539238
1 0.8672105073928833 0.36929765343666077 0.016663135960698128 0.05136547237634659
0 0.17659804224967957 0.14700452983379364 0.011766535229980946 0.054065581411123276
