3 0.19829168915748596 0.46061280369758606 0.07365208119153976 0.0992329940199852
3 0.7528753280639648 0.6924772262573242 0.17210383713245392 0.1396034061908722
0 0.5596696734428406 0.6719352006912231 0.02028409205377102 0.09657298028469086
3 0.25856369733810425 0.37325847148895264 0.05553889647126198 0.07503662258386612
3 0.2855849266052246 0.2627892792224884 0.039792004972696304 0.053752824664115906
3 0.24418658018112183 0.3051731586456299 0.04252402484416962 0.054306529462337494
3 0.45524561405181885 0.32174935936927795 0.03405129164457321 0.057266734540462494
3 0.3079974055290222 0.19950789213180542 0.03492765873670578 0.03307042270898819
3 0.9612202644348145 0.575803279876709 0.0775594413280487 0.12981128692626953
3 0.20258308947086334 0.17448072135448456 0.03512100875377655 0.03129298612475395
9 0.7663366794586182 0.8645808100700378 0.07284523546695709 0.0786404088139534
3 0.22850067913532257 0.23713232576847076 0.0583895742893219 0.04539038985967636
3 0.21680200099945068 0.2805929481983185 0.04436854273080826 0.04832009971141815
3 0.3969012200832367 0.23348544538021088 0.024560367688536644 0.037699442356824875
3 0.4781932234764099 0.26809951663017273 0.03788331151008606 0.03916287049651146
3 0.0915692001581192 0.24104902148246765 0.05575695261359215 0.04096051678061485
3 0.45541706681251526 0.23791880905628204 0.03333188220858574 0.041946154087781906
3 0.4602229595184326 0.13563096523284912 0.019121192395687103 0.02728419192135334
3 0.3661653995513916 0.14499811828136444 0.027302348986268044 0.026549486443400383
3 0.4370603859424591 0.1298498809337616 0.01588650979101658 0.020967690274119377
3 0.07507027685642242 0.2661108672618866 0.05745978653430939 0.04552005976438522
