3 0.22320382297039032 0.3469337224960327 0.06949945539236069 0.07768526673316956
3 0.22369888424873352 0.4692154824733734 0.08013797551393509 0.09879286587238312
3 0.7227621078491211 0.736583948135376 0.13359205424785614 0.14988742768764496
3 0.3588011562824249 0.41133981943130493 0.07563449442386627 0.08227411657571793
3 0.35520878434181213 0.559084415435791 0.09796510636806488 0.1057095006108284
3 0.5502498149871826 0.8701381683349609 0.1260014772415161 0.11984320729970932
3 0.3271839916706085 0.4587443172931671 0.07224388420581818 0.08632964640855789
3 0.08872723579406738 0.2054664045572281 0.05322829633951187 0.057085584849119186
3 0.6961665749549866 0.27319642901420593 0.056129053235054016 0.07094411551952362
3 0.7794334888458252 0.2527933418750763 0.048177652060985565 0.06725192815065384
3 0.029460616409778595 0.3488936722278595 0.05892123281955719 0.08712431788444519
3 0.38745009899139404 0.36647355556488037 0.06924402713775635 0.06947801262140274
3 0.5072914958000183 0.5465536713600159 0.07617681473493576 0.09321018308401108
3 0.26179736852645874 0.06541340053081512 0.03797275573015213 0.04867905378341675
3 0.8527118563652039 0.15564236044883728 0.03665771707892418 0.05347735807299614
3 0.907073974609375 0.06892244517803192 0.03390287607908249 0.047628700733184814
3 0.8788902759552002 0.11868935078382492 0.0352710522711277 0.05196800455451012
3 0.9716684818267822 0.9538163542747498 0.0565185546875 0.09236733615398407
3 0.8631595373153687 0.26798728108406067 0.04672393947839737 0.06994222104549408
4 0.27502328157424927 0.2832290232181549 0.06475754082202911 0.07201508432626724
3 0.8939348459243774 0.03739681839942932 0.03507080301642418 0.04444960132241249
0 0.8917465209960938 0.6966873407363892 0.02088712900876999 0.05884307995438576
3 0.9616277813911438 0.0843326672911644 0.031905319541692734 0.05297616496682167
3 0.4168345034122467 0.024929899722337723 0.01973630115389824 0.03797678276896477
0 0.8745756149291992 0.6690428256988525 0.022856589406728745 0.06804259121417999
