3 0.11670180410146713 0.7501180171966553 0.15839320421218872 0.1311975121498108
3 0.5236117243766785 0.653331995010376 0.12037860602140427 0.09707322716712952
3 0.24862943589687347 0.603767454624176 0.1281455159187317 0.12411922216415405
3 0.5231582522392273 0.5021971464157104 0.08582288026809692 0.09746265411376953
3 0.195710226893425 0.5065914988517761 0.11663144081830978 0.10276984423398972
3 0.8744397759437561 0.7291556596755981 0.11872002482414246 0.17243245244026184
3 0.5859470367431641 0.23403456807136536 0.051954157650470734 0.056879181414842606
3 0.4068197011947632 0.029301904141902924 0.0307159423828125 0.03796958178281784
0 0.6090518832206726 0.14058956503868103 0.00942764338105917 0.04058034345507622
0 0.12586402893066406 0.4270581603050232 0.015898559242486954 0.05468239635229111
9 0.399257093667984 0.4071250855922699 0.022462598979473114 0.06434633582830429
